0 6 3 4 0
1 6 3 4 0
2 6 3 4 0
3 7 3 3 0
4 6 3 4 0
5 7 3 3 0
6 7 3 3 0
7 8 3 3 1
8 6 3 4 0
9 7 3 3 0
10 7 3 3 0
11 8 3 3 1
12 7 3 3 0
13 8 3 3 0
14 8 3 3 0
15 9 3 3 1
16 6 3 4 0
17 6 3 4 0
18 6 3 4 0
19 7 3 3 0
20 9 3 3 0
21 9 3 3 0
22 9 3 3 0
23 10 3 3 1
24 9 3 3 0
25 9 3 3 0
26 9 3 3 0
27 10 3 3 1
28 10 3 3 0
29 10 3 3 0
30 10 3 3 0
31 11 3 3 1
32 6 3 4 0
33 6 3 4 0
34 6 3 4 0
35 7 3 3 0
36 6 3 4 0
37 7 3 3 0
38 7 3 3 0
39 8 3 3 1
40 6 3 4 0
41 7 3 3 0
42 7 3 3 0
43 8 3 3 1
44 7 3 3 0
45 8 3 3 0
46 8 3 3 0
47 9 3 3 1
48 7 3 4 0
49 7 3 4 0
50 7 3 4 0
51 8 3 3 0
52 9 3 3 0
53 9 3 3 0
54 9 3 3 0
55 10 3 3 1
56 9 3 3 0
57 9 3 3 0
58 9 3 3 0
59 10 3 3 1
60 10 3 3 0
61 10 3 3 0
62 10 3 3 0
63 11 3 3 1
64 6 3 4 0
65 6 2 4 1
66 6 2 4 1
67 7 2 3 0
68 6 2 4 1
69 7 2 3 1
70 7 2 3 1
71 8 2 3 1
72 6 2 4 1
73 7 2 3 1
74 7 2 3 1
75 8 2 3 1
76 7 2 3 0
77 8 2 3 1
78 8 2 3 1
79 9 2 3 1
80 6 3 4 0
81 6 2 4 1
82 6 2 4 1
83 7 2 3 0
84 9 3 3 0
85 9 2 3 1
86 9 2 3 1
87 10 2 3 1
88 9 3 3 0
89 9 2 3 1
90 9 2 3 1
91 10 2 3 1
92 10 3 3 0
93 10 2 3 1
94 10 2 3 1
95 11 2 3 1
96 6 3 4 0
97 6 2 4 1
98 6 2 4 1
99 7 2 3 0
100 6 2 4 1
101 7 2 3 1
102 7 2 3 1
103 8 2 3 1
104 6 2 4 1
105 7 2 3 1
106 7 2 3 1
107 8 2 3 1
108 7 2 3 0
109 8 2 3 1
110 8 2 3 1
111 9 2 3 1
112 7 3 4 0
113 7 2 4 1
114 7 2 4 1
115 8 2 3 0
116 9 3 3 0
117 9 2 3 1
118 9 2 3 1
119 10 2 3 1
120 9 3 3 0
121 9 2 3 1
122 9 2 3 1
123 10 2 3 1
124 10 3 3 0
125 10 2 3 1
126 10 2 3 1
127 11 2 3 1
128 6 3 4 0
129 6 2 4 1
130 6 2 4 1
131 7 2 3 0
132 6 2 4 1
133 7 2 3 1
134 7 2 3 1
135 8 2 3 1
136 6 2 4 1
137 7 2 3 1
138 7 2 3 1
139 8 2 3 1
140 7 2 3 0
141 8 2 3 1
142 8 2 3 1
143 9 2 3 1
144 6 3 4 0
145 6 2 4 1
146 6 2 4 1
147 7 2 3 0
148 9 3 3 0
149 9 2 3 1
150 9 2 3 1
151 10 2 3 1
152 9 3 3 0
153 9 2 3 1
154 9 2 3 1
155 10 2 3 1
156 10 3 3 0
157 10 2 3 1
158 10 2 3 1
159 11 2 3 1
160 6 3 4 0
161 6 2 4 1
162 6 2 4 1
163 7 2 3 0
164 6 2 4 1
165 7 2 3 1
166 7 2 3 1
167 8 2 3 1
168 6 2 4 1
169 7 2 3 1
170 7 2 3 1
171 8 2 3 1
172 7 2 3 0
173 8 2 3 1
174 8 2 3 1
175 9 2 3 1
176 7 3 4 0
177 7 2 4 1
178 7 2 4 1
179 8 2 3 0
180 9 3 3 0
181 9 2 3 1
182 9 2 3 1
183 10 2 3 1
184 9 3 3 0
185 9 2 3 1
186 9 2 3 1
187 10 2 3 1
188 10 3 3 0
189 10 2 3 1
190 10 2 3 1
191 11 2 3 1
192 7 3 3 0
193 7 2 3 1
194 7 2 3 1
195 8 2 2 0
196 7 2 3 1
197 8 2 2 1
198 8 2 2 1
199 9 2 2 1
200 7 2 3 1
201 8 2 2 1
202 8 2 2 1
203 9 2 2 1
204 8 2 2 0
205 9 2 2 1
206 9 2 2 1
207 10 2 2 1
208 7 3 3 0
209 7 2 3 1
210 7 2 3 1
211 8 2 2 0
212 10 4 2 0
213 10 2 2 1
214 10 2 2 1
215 11 2 2 1
216 10 4 2 0
217 10 2 2 1
218 10 2 2 1
219 11 2 2 1
220 11 4 2 0
221 11 2 2 1
222 11 2 2 1
223 12 2 2 1
224 7 3 3 0
225 7 2 3 1
226 7 2 3 1
227 8 2 2 0
228 7 2 3 1
229 8 2 2 1
230 8 2 2 1
231 9 2 2 1
232 7 2 3 1
233 8 2 2 1
234 8 2 2 1
235 9 2 2 1
236 8 2 2 0
237 9 2 2 1
238 9 2 2 1
239 10 2 2 1
240 8 4 3 0
241 8 2 3 1
242 8 2 3 1
243 9 2 2 0
244 10 4 2 0
245 10 2 2 1
246 10 2 2 1
247 11 2 2 1
248 10 4 2 0
249 10 2 2 1
250 10 2 2 1
251 11 2 2 1
252 11 4 2 0
253 11 2 2 1
254 11 2 2 1
255 12 2 2 1
256 6 3 4 0
257 6 2 4 1
258 6 2 4 1
259 7 2 3 0
260 6 2 4 1
261 7 2 3 1
262 7 2 3 1
263 8 2 3 1
264 6 2 4 1
265 7 2 3 1
266 7 2 3 1
267 8 2 3 1
268 7 2 3 0
269 8 2 3 1
270 8 2 3 1
271 9 2 3 1
272 6 3 4 0
273 6 2 4 1
274 6 2 4 1
275 7 2 3 0
276 9 3 3 0
277 9 2 3 1
278 9 2 3 1
279 10 2 3 1
280 9 3 3 0
281 9 2 3 1
282 9 2 3 1
283 10 2 3 1
284 10 3 3 0
285 10 2 3 1
286 10 2 3 1
287 11 2 3 1
288 6 3 4 0
289 6 2 4 1
290 6 2 4 1
291 7 2 3 0
292 6 2 4 1
293 7 2 3 1
294 7 2 3 1
295 8 2 3 1
296 6 2 4 1
297 7 2 3 1
298 7 2 3 1
299 8 2 3 1
300 7 2 3 0
301 8 2 3 1
302 8 2 3 1
303 9 2 3 1
304 7 3 4 0
305 7 2 4 1
306 7 2 4 1
307 8 2 3 0
308 9 3 3 0
309 9 2 3 1
310 9 2 3 1
311 10 2 3 1
312 9 3 3 0
313 9 2 3 1
314 9 2 3 1
315 10 2 3 1
316 10 3 3 0
317 10 2 3 1
318 10 2 3 1
319 11 2 3 1
320 7 3 3 0
321 7 2 3 1
322 7 2 3 1
323 8 2 2 0
324 7 2 3 1
325 8 2 2 1
326 8 2 2 1
327 9 2 2 1
328 7 2 3 1
329 8 2 2 1
330 8 2 2 1
331 9 2 2 1
332 8 2 2 0
333 9 2 2 1
334 9 2 2 1
335 10 2 2 1
336 7 3 3 0
337 7 2 3 1
338 7 2 3 1
339 8 2 2 0
340 10 4 2 0
341 10 2 2 1
342 10 2 2 1
343 11 2 2 1
344 10 4 2 0
345 10 2 2 1
346 10 2 2 1
347 11 2 2 1
348 11 4 2 0
349 11 2 2 1
350 11 2 2 1
351 12 2 2 1
352 7 3 3 0
353 7 2 3 1
354 7 2 3 1
355 8 2 2 0
356 7 2 3 1
357 8 2 2 1
358 8 2 2 1
359 9 2 2 1
360 7 2 3 1
361 8 2 2 1
362 8 2 2 1
363 9 2 2 1
364 8 2 2 0
365 9 2 2 1
366 9 2 2 1
367 10 2 2 1
368 8 4 3 0
369 8 2 3 1
370 8 2 3 1
371 9 2 2 0
372 10 4 2 0
373 10 2 2 1
374 10 2 2 1
375 11 2 2 1
376 10 4 2 0
377 10 2 2 1
378 10 2 2 1
379 11 2 2 1
380 11 4 2 0
381 11 2 2 1
382 11 2 2 1
383 12 2 2 1
384 7 3 3 0
385 7 2 3 1
386 7 2 3 1
387 8 2 2 0
388 7 2 3 1
389 8 2 2 1
390 8 2 2 1
391 9 2 2 1
392 7 2 3 1
393 8 2 2 1
394 8 2 2 1
395 9 2 2 1
396 8 2 2 0
397 9 2 2 1
398 9 2 2 1
399 10 2 2 1
400 7 3 3 0
401 7 2 3 1
402 7 2 3 1
403 8 2 2 0
404 10 4 2 0
405 10 2 2 1
406 10 2 2 1
407 11 2 2 1
408 10 4 2 0
409 10 2 2 1
410 10 2 2 1
411 11 2 2 1
412 11 4 2 0
413 11 2 2 1
414 11 2 2 1
415 12 2 2 1
416 7 3 3 0
417 7 2 3 1
418 7 2 3 1
419 8 2 2 0
420 7 2 3 1
421 8 2 2 1
422 8 2 2 1
423 9 2 2 1
424 7 2 3 1
425 8 2 2 1
426 8 2 2 1
427 9 2 2 1
428 8 2 2 0
429 9 2 2 1
430 9 2 2 1
431 10 2 2 1
432 8 4 3 0
433 8 2 3 1
434 8 2 3 1
435 9 2 2 0
436 10 4 2 0
437 10 2 2 1
438 10 2 2 1
439 11 2 2 1
440 10 4 2 0
441 10 2 2 1
442 10 2 2 1
443 11 2 2 1
444 11 4 2 0
445 11 2 2 1
446 11 2 2 1
447 12 2 2 1
448 8 3 3 1
449 8 2 3 2
450 8 2 3 2
451 9 2 2 1
452 8 2 3 2
453 9 2 2 1
454 9 2 2 1
455 10 2 2 1
456 8 2 3 2
457 9 2 2 1
458 9 2 2 1
459 10 2 2 1
460 9 2 2 1
461 10 2 2 1
462 10 2 2 1
463 11 2 2 1
464 8 3 3 1
465 8 2 3 2
466 8 2 3 2
467 9 2 2 1
468 11 4 2 1
469 11 2 2 1
470 11 2 2 1
471 12 2 2 1
472 11 4 2 1
473 11 2 2 1
474 11 2 2 1
475 12 2 2 1
476 12 4 2 1
477 12 2 2 1
478 12 2 2 1
479 13 2 2 1
480 8 3 3 1
481 8 2 3 2
482 8 2 3 2
483 9 2 2 1
484 8 2 3 2
485 9 2 2 1
486 9 2 2 1
487 10 2 2 1
488 8 2 3 2
489 9 2 2 1
490 9 2 2 1
491 10 2 2 1
492 9 2 2 1
493 10 2 2 1
494 10 2 2 1
495 11 2 2 1
496 9 4 3 1
497 9 2 3 2
498 9 2 3 2
499 10 2 2 1
500 11 4 2 1
501 11 2 2 1
502 11 2 2 1
503 12 2 2 1
504 11 4 2 1
505 11 2 2 1
506 11 2 2 1
507 12 2 2 1
508 12 4 2 1
509 12 2 2 1
510 12 2 2 1
511 13 2 2 1
512 6 3 4 0
513 6 2 4 1
514 6 2 4 1
515 7 2 3 0
516 6 2 4 1
517 7 2 3 1
518 7 2 3 1
519 8 2 3 1
520 6 2 4 1
521 7 2 3 1
522 7 2 3 1
523 8 2 3 1
524 7 2 3 0
525 8 2 3 1
526 8 2 3 1
527 9 2 3 1
528 6 3 4 0
529 6 2 4 1
530 6 2 4 1
531 7 2 3 0
532 9 3 3 0
533 9 2 3 1
534 9 2 3 1
535 10 2 3 1
536 9 3 3 0
537 9 2 3 1
538 9 2 3 1
539 10 2 3 1
540 10 3 3 0
541 10 2 3 1
542 10 2 3 1
543 11 2 3 1
544 6 3 4 0
545 6 2 4 1
546 6 2 4 1
547 7 2 3 0
548 6 2 4 1
549 7 2 3 1
550 7 2 3 1
551 8 2 3 1
552 6 2 4 1
553 7 2 3 1
554 7 2 3 1
555 8 2 3 1
556 7 2 3 0
557 8 2 3 1
558 8 2 3 1
559 9 2 3 1
560 7 3 4 0
561 7 2 4 1
562 7 2 4 1
563 8 2 3 0
564 9 3 3 0
565 9 2 3 1
566 9 2 3 1
567 10 2 3 1
568 9 3 3 0
569 9 2 3 1
570 9 2 3 1
571 10 2 3 1
572 10 3 3 0
573 10 2 3 1
574 10 2 3 1
575 11 2 3 1
576 7 3 3 0
577 7 2 3 1
578 7 2 3 1
579 8 2 2 0
580 7 2 3 1
581 8 2 2 1
582 8 2 2 1
583 9 2 2 1
584 7 2 3 1
585 8 2 2 1
586 8 2 2 1
587 9 2 2 1
588 8 2 2 0
589 9 2 2 1
590 9 2 2 1
591 10 2 2 1
592 7 3 3 0
593 7 2 3 1
594 7 2 3 1
595 8 2 2 0
596 10 4 2 0
597 10 2 2 1
598 10 2 2 1
599 11 2 2 1
600 10 4 2 0
601 10 2 2 1
602 10 2 2 1
603 11 2 2 1
604 11 4 2 0
605 11 2 2 1
606 11 2 2 1
607 12 2 2 1
608 7 3 3 0
609 7 2 3 1
610 7 2 3 1
611 8 2 2 0
612 7 2 3 1
613 8 2 2 1
614 8 2 2 1
615 9 2 2 1
616 7 2 3 1
617 8 2 2 1
618 8 2 2 1
619 9 2 2 1
620 8 2 2 0
621 9 2 2 1
622 9 2 2 1
623 10 2 2 1
624 8 4 3 0
625 8 2 3 1
626 8 2 3 1
627 9 2 2 0
628 10 4 2 0
629 10 2 2 1
630 10 2 2 1
631 11 2 2 1
632 10 4 2 0
633 10 2 2 1
634 10 2 2 1
635 11 2 2 1
636 11 4 2 0
637 11 2 2 1
638 11 2 2 1
639 12 2 2 1
640 7 3 3 0
641 7 2 3 1
642 7 2 3 1
643 8 2 2 0
644 7 2 3 1
645 8 2 2 1
646 8 2 2 1
647 9 2 2 1
648 7 2 3 1
649 8 2 2 1
650 8 2 2 1
651 9 2 2 1
652 8 2 2 0
653 9 2 2 1
654 9 2 2 1
655 10 2 2 1
656 7 3 3 0
657 7 2 3 1
658 7 2 3 1
659 8 2 2 0
660 10 4 2 0
661 10 2 2 1
662 10 2 2 1
663 11 2 2 1
664 10 4 2 0
665 10 2 2 1
666 10 2 2 1
667 11 2 2 1
668 11 4 2 0
669 11 2 2 1
670 11 2 2 1
671 12 2 2 1
672 7 3 3 0
673 7 2 3 1
674 7 2 3 1
675 8 2 2 0
676 7 2 3 1
677 8 2 2 1
678 8 2 2 1
679 9 2 2 1
680 7 2 3 1
681 8 2 2 1
682 8 2 2 1
683 9 2 2 1
684 8 2 2 0
685 9 2 2 1
686 9 2 2 1
687 10 2 2 1
688 8 4 3 0
689 8 2 3 1
690 8 2 3 1
691 9 2 2 0
692 10 4 2 0
693 10 2 2 1
694 10 2 2 1
695 11 2 2 1
696 10 4 2 0
697 10 2 2 1
698 10 2 2 1
699 11 2 2 1
700 11 4 2 0
701 11 2 2 1
702 11 2 2 1
703 12 2 2 1
704 8 3 3 1
705 8 2 3 2
706 8 2 3 2
707 9 2 2 1
708 8 2 3 2
709 9 2 2 1
710 9 2 2 1
711 10 2 2 1
712 8 2 3 2
713 9 2 2 1
714 9 2 2 1
715 10 2 2 1
716 9 2 2 1
717 10 2 2 1
718 10 2 2 1
719 11 2 2 1
720 8 3 3 1
721 8 2 3 2
722 8 2 3 2
723 9 2 2 1
724 11 4 2 1
725 11 2 2 1
726 11 2 2 1
727 12 2 2 1
728 11 4 2 1
729 11 2 2 1
730 11 2 2 1
731 12 2 2 1
732 12 4 2 1
733 12 2 2 1
734 12 2 2 1
735 13 2 2 1
736 8 3 3 1
737 8 2 3 2
738 8 2 3 2
739 9 2 2 1
740 8 2 3 2
741 9 2 2 1
742 9 2 2 1
743 10 2 2 1
744 8 2 3 2
745 9 2 2 1
746 9 2 2 1
747 10 2 2 1
748 9 2 2 1
749 10 2 2 1
750 10 2 2 1
751 11 2 2 1
752 9 4 3 1
753 9 2 3 2
754 9 2 3 2
755 10 2 2 1
756 11 4 2 1
757 11 2 2 1
758 11 2 2 1
759 12 2 2 1
760 11 4 2 1
761 11 2 2 1
762 11 2 2 1
763 12 2 2 1
764 12 4 2 1
765 12 2 2 1
766 12 2 2 1
767 13 2 2 1
768 7 3 3 0
769 7 2 3 1
770 7 2 3 1
771 8 2 2 0
772 7 2 3 1
773 8 2 2 1
774 8 2 2 1
775 9 2 2 1
776 7 2 3 1
777 8 2 2 1
778 8 2 2 1
779 9 2 2 1
780 8 2 2 0
781 9 2 2 1
782 9 2 2 1
783 10 2 2 1
784 7 3 3 0
785 7 2 3 1
786 7 2 3 1
787 8 2 2 0
788 10 4 2 0
789 10 2 2 1
790 10 2 2 1
791 11 2 2 1
792 10 4 2 0
793 10 2 2 1
794 10 2 2 1
795 11 2 2 1
796 11 4 2 0
797 11 2 2 1
798 11 2 2 1
799 12 2 2 1
800 7 3 3 0
801 7 2 3 1
802 7 2 3 1
803 8 2 2 0
804 7 2 3 1
805 8 2 2 1
806 8 2 2 1
807 9 2 2 1
808 7 2 3 1
809 8 2 2 1
810 8 2 2 1
811 9 2 2 1
812 8 2 2 0
813 9 2 2 1
814 9 2 2 1
815 10 2 2 1
816 8 4 3 0
817 8 2 3 1
818 8 2 3 1
819 9 2 2 0
820 10 4 2 0
821 10 2 2 1
822 10 2 2 1
823 11 2 2 1
824 10 4 2 0
825 10 2 2 1
826 10 2 2 1
827 11 2 2 1
828 11 4 2 0
829 11 2 2 1
830 11 2 2 1
831 12 2 2 1
832 8 3 3 0
833 8 2 3 1
834 8 2 3 1
835 9 2 2 0
836 8 2 3 1
837 9 2 2 1
838 9 2 2 1
839 10 2 2 1
840 8 2 3 1
841 9 2 2 1
842 9 2 2 1
843 10 2 2 1
844 9 2 2 0
845 10 2 2 1
846 10 2 2 1
847 11 2 2 1
848 8 3 3 0
849 8 2 3 1
850 8 2 3 1
851 9 2 2 0
852 11 4 2 0
853 11 2 2 1
854 11 2 2 1
855 12 2 2 1
856 11 4 2 0
857 11 2 2 1
858 11 2 2 1
859 12 2 2 1
860 12 4 2 0
861 12 2 2 1
862 12 2 2 1
863 13 2 2 1
864 8 3 3 0
865 8 2 3 1
866 8 2 3 1
867 9 2 2 0
868 8 2 3 1
869 9 2 2 1
870 9 2 2 1
871 10 2 2 1
872 8 2 3 1
873 9 2 2 1
874 9 2 2 1
875 10 2 2 1
876 9 2 2 0
877 10 2 2 1
878 10 2 2 1
879 11 2 2 1
880 9 4 3 0
881 9 2 3 1
882 9 2 3 1
883 10 2 2 0
884 11 4 2 0
885 11 2 2 1
886 11 2 2 1
887 12 2 2 1
888 11 4 2 0
889 11 2 2 1
890 11 2 2 1
891 12 2 2 1
892 12 4 2 0
893 12 2 2 1
894 12 2 2 1
895 13 2 2 1
896 8 3 3 0
897 8 2 3 1
898 8 2 3 1
899 9 2 2 0
900 8 2 3 1
901 9 2 2 1
902 9 2 2 1
903 10 2 2 1
904 8 2 3 1
905 9 2 2 1
906 9 2 2 1
907 10 2 2 1
908 9 2 2 0
909 10 2 2 1
910 10 2 2 1
911 11 2 2 1
912 8 3 3 0
913 8 2 3 1
914 8 2 3 1
915 9 2 2 0
916 11 4 2 0
917 11 2 2 1
918 11 2 2 1
919 12 2 2 1
920 11 4 2 0
921 11 2 2 1
922 11 2 2 1
923 12 2 2 1
924 12 4 2 0
925 12 2 2 1
926 12 2 2 1
927 13 2 2 1
928 8 3 3 0
929 8 2 3 1
930 8 2 3 1
931 9 2 2 0
932 8 2 3 1
933 9 2 2 1
934 9 2 2 1
935 10 2 2 1
936 8 2 3 1
937 9 2 2 1
938 9 2 2 1
939 10 2 2 1
940 9 2 2 0
941 10 2 2 1
942 10 2 2 1
943 11 2 2 1
944 9 4 3 0
945 9 2 3 1
946 9 2 3 1
947 10 2 2 0
948 11 4 2 0
949 11 2 2 1
950 11 2 2 1
951 12 2 2 1
952 11 4 2 0
953 11 2 2 1
954 11 2 2 1
955 12 2 2 1
956 12 4 2 0
957 12 2 2 1
958 12 2 2 1
959 13 2 2 1
960 9 3 3 1
961 9 2 3 2
962 9 2 3 2
963 10 2 2 1
964 9 2 3 2
965 10 2 2 1
966 10 2 2 1
967 11 2 2 1
968 9 2 3 2
969 10 2 2 1
970 10 2 2 1
971 11 2 2 1
972 10 2 2 1
973 11 2 2 1
974 11 2 2 1
975 12 2 2 1
976 9 3 3 1
977 9 2 3 2
978 9 2 3 2
979 10 2 2 1
980 12 4 2 1
981 12 2 2 1
982 12 2 2 1
983 13 2 2 1
984 12 4 2 1
985 12 2 2 1
986 12 2 2 1
987 13 2 2 1
988 13 4 2 1
989 13 2 2 1
990 13 2 2 1
991 14 2 2 1
992 9 3 3 1
993 9 2 3 2
994 9 2 3 2
995 10 2 2 1
996 9 2 3 2
997 10 2 2 1
998 10 2 2 1
999 11 2 2 1
1000 9 2 3 2
1001 10 2 2 1
1002 10 2 2 1
1003 11 2 2 1
1004 10 2 2 1
1005 11 2 2 1
1006 11 2 2 1
1007 12 2 2 1
1008 10 4 3 1
1009 10 2 3 2
1010 10 2 3 2
1011 11 2 2 1
1012 12 4 2 1
1013 12 2 2 1
1014 12 2 2 1
1015 13 2 2 1
1016 12 4 2 1
1017 12 2 2 1
1018 12 2 2 1
1019 13 2 2 1
1020 13 4 2 1
1021 13 2 2 1
1022 13 2 2 1
1023 14 2 2 1
1024 6 3 4 0
1025 6 0 4 1
1026 6 0 4 1
1027 7 0 3 0
1028 6 0 4 1
1029 7 0 3 1
1030 7 0 3 1
1031 8 0 3 1
1032 6 0 4 1
1033 7 0 3 1
1034 7 0 3 1
1035 8 0 3 1
1036 7 0 3 0
1037 8 0 3 1
1038 8 0 3 1
1039 9 0 3 1
1040 6 2 4 0
1041 6 0 4 1
1042 6 0 4 1
1043 7 0 3 0
1044 9 2 3 0
1045 9 0 3 1
1046 9 0 3 1
1047 10 0 3 1
1048 9 2 3 0
1049 9 0 3 1
1050 9 0 3 1
1051 10 0 3 1
1052 10 2 3 0
1053 10 0 3 1
1054 10 0 3 1
1055 11 0 3 1
1056 6 2 4 0
1057 6 0 4 1
1058 6 0 4 1
1059 7 0 3 0
1060 6 0 4 1
1061 7 0 3 1
1062 7 0 3 1
1063 8 0 3 1
1064 6 0 4 1
1065 7 0 3 1
1066 7 0 3 1
1067 8 0 3 1
1068 7 0 3 0
1069 8 0 3 1
1070 8 0 3 1
1071 9 0 3 1
1072 7 2 4 0
1073 7 0 4 1
1074 7 0 4 1
1075 8 0 3 0
1076 9 2 3 0
1077 9 0 3 1
1078 9 0 3 1
1079 10 0 3 1
1080 9 2 3 0
1081 9 0 3 1
1082 9 0 3 1
1083 10 0 3 1
1084 10 2 3 0
1085 10 0 3 1
1086 10 0 3 1
1087 11 0 3 1
1088 6 3 4 0
1089 6 0 4 1
1090 6 0 4 1
1091 7 0 3 0
1092 6 0 4 1
1093 7 0 3 1
1094 7 0 3 1
1095 8 0 3 1
1096 6 0 4 1
1097 7 0 3 1
1098 7 0 3 1
1099 8 0 3 1
1100 7 0 3 0
1101 8 0 3 1
1102 8 0 3 1
1103 9 0 3 1
1104 6 2 4 0
1105 6 0 4 1
1106 6 0 4 1
1107 7 0 3 0
1108 9 2 3 0
1109 9 0 3 1
1110 9 0 3 1
1111 10 0 3 1
1112 9 2 3 0
1113 9 0 3 1
1114 9 0 3 1
1115 10 0 3 1
1116 10 2 3 0
1117 10 0 3 1
1118 10 0 3 1
1119 11 0 3 1
1120 6 2 4 0
1121 6 0 4 1
1122 6 0 4 1
1123 7 0 3 0
1124 6 0 4 1
1125 7 0 3 1
1126 7 0 3 1
1127 8 0 3 1
1128 6 0 4 1
1129 7 0 3 1
1130 7 0 3 1
1131 8 0 3 1
1132 7 0 3 0
1133 8 0 3 1
1134 8 0 3 1
1135 9 0 3 1
1136 7 2 4 0
1137 7 0 4 1
1138 7 0 4 1
1139 8 0 3 0
1140 9 2 3 0
1141 9 0 3 1
1142 9 0 3 1
1143 10 0 3 1
1144 9 2 3 0
1145 9 0 3 1
1146 9 0 3 1
1147 10 0 3 1
1148 10 2 3 0
1149 10 0 3 1
1150 10 0 3 1
1151 11 0 3 1
1152 6 3 4 0
1153 6 0 4 1
1154 6 0 4 1
1155 7 0 3 0
1156 6 0 4 1
1157 7 0 3 1
1158 7 0 3 1
1159 8 0 3 1
1160 6 0 4 1
1161 7 0 3 1
1162 7 0 3 1
1163 8 0 3 1
1164 7 0 3 0
1165 8 0 3 1
1166 8 0 3 1
1167 9 0 3 1
1168 6 2 4 0
1169 6 0 4 1
1170 6 0 4 1
1171 7 0 3 0
1172 9 2 3 0
1173 9 0 3 1
1174 9 0 3 1
1175 10 0 3 1
1176 9 2 3 0
1177 9 0 3 1
1178 9 0 3 1
1179 10 0 3 1
1180 10 2 3 0
1181 10 0 3 1
1182 10 0 3 1
1183 11 0 3 1
1184 6 2 4 0
1185 6 0 4 1
1186 6 0 4 1
1187 7 0 3 0
1188 6 0 4 1
1189 7 0 3 1
1190 7 0 3 1
1191 8 0 3 1
1192 6 0 4 1
1193 7 0 3 1
1194 7 0 3 1
1195 8 0 3 1
1196 7 0 3 0
1197 8 0 3 1
1198 8 0 3 1
1199 9 0 3 1
1200 7 2 4 0
1201 7 0 4 1
1202 7 0 4 1
1203 8 0 3 0
1204 9 2 3 0
1205 9 0 3 1
1206 9 0 3 1
1207 10 0 3 1
1208 9 2 3 0
1209 9 0 3 1
1210 9 0 3 1
1211 10 0 3 1
1212 10 2 3 0
1213 10 0 3 1
1214 10 0 3 1
1215 11 0 3 1
1216 7 3 3 0
1217 7 0 3 1
1218 7 0 3 1
1219 8 0 2 0
1220 7 0 3 1
1221 8 0 2 1
1222 8 0 2 1
1223 9 0 2 1
1224 7 0 3 1
1225 8 0 2 1
1226 8 0 2 1
1227 9 0 2 1
1228 8 0 2 0
1229 9 0 2 1
1230 9 0 2 1
1231 10 0 2 1
1232 7 2 3 0
1233 7 0 3 1
1234 7 0 3 1
1235 8 0 2 0
1236 10 2 2 0
1237 10 0 2 1
1238 10 0 2 1
1239 11 0 2 1
1240 10 2 2 0
1241 10 0 2 1
1242 10 0 2 1
1243 11 0 2 1
1244 11 2 2 0
1245 11 0 2 1
1246 11 0 2 1
1247 12 0 2 1
1248 7 2 3 0
1249 7 0 3 1
1250 7 0 3 1
1251 8 0 2 0
1252 7 0 3 1
1253 8 0 2 1
1254 8 0 2 1
1255 9 0 2 1
1256 7 0 3 1
1257 8 0 2 1
1258 8 0 2 1
1259 9 0 2 1
1260 8 0 2 0
1261 9 0 2 1
1262 9 0 2 1
1263 10 0 2 1
1264 8 2 3 0
1265 8 0 3 1
1266 8 0 3 1
1267 9 0 2 0
1268 10 2 2 0
1269 10 0 2 1
1270 10 0 2 1
1271 11 0 2 1
1272 10 2 2 0
1273 10 0 2 1
1274 10 0 2 1
1275 11 0 2 1
1276 11 2 2 0
1277 11 0 2 1
1278 11 0 2 1
1279 12 0 2 1
1280 9 3 3 0
1281 9 2 3 1
1282 9 2 3 1
1283 10 2 2 0
1284 9 2 3 1
1285 10 2 2 1
1286 10 2 2 1
1287 11 2 2 1
1288 9 2 3 1
1289 10 2 2 1
1290 10 2 2 1
1291 11 2 2 1
1292 10 2 2 0
1293 11 2 2 1
1294 11 2 2 1
1295 12 2 2 1
1296 9 3 3 0
1297 9 2 3 1
1298 9 2 3 1
1299 10 2 2 0
1300 12 4 2 0
1301 12 2 2 1
1302 12 2 2 1
1303 13 2 2 1
1304 12 4 2 0
1305 12 2 2 1
1306 12 2 2 1
1307 13 2 2 1
1308 13 4 2 0
1309 13 2 2 1
1310 13 2 2 1
1311 14 2 2 1
1312 9 3 3 0
1313 9 2 3 1
1314 9 2 3 1
1315 10 2 2 0
1316 9 2 3 1
1317 10 2 2 1
1318 10 2 2 1
1319 11 2 2 1
1320 9 2 3 1
1321 10 2 2 1
1322 10 2 2 1
1323 11 2 2 1
1324 10 2 2 0
1325 11 2 2 1
1326 11 2 2 1
1327 12 2 2 1
1328 10 4 3 0
1329 10 2 3 1
1330 10 2 3 1
1331 11 2 2 0
1332 12 4 2 0
1333 12 2 2 1
1334 12 2 2 1
1335 13 2 2 1
1336 12 4 2 0
1337 12 2 2 1
1338 12 2 2 1
1339 13 2 2 1
1340 13 4 2 0
1341 13 2 2 1
1342 13 2 2 1
1343 14 2 2 1
1344 9 3 3 0
1345 9 2 3 1
1346 9 2 3 1
1347 10 2 2 0
1348 9 2 3 1
1349 10 2 2 1
1350 10 2 2 1
1351 11 2 2 1
1352 9 2 3 1
1353 10 2 2 1
1354 10 2 2 1
1355 11 2 2 1
1356 10 2 2 0
1357 11 2 2 1
1358 11 2 2 1
1359 12 2 2 1
1360 9 3 3 0
1361 9 2 3 1
1362 9 2 3 1
1363 10 2 2 0
1364 12 4 2 0
1365 12 2 2 1
1366 12 2 2 1
1367 13 2 2 1
1368 12 4 2 0
1369 12 2 2 1
1370 12 2 2 1
1371 13 2 2 1
1372 13 4 2 0
1373 13 2 2 1
1374 13 2 2 1
1375 14 2 2 1
1376 9 3 3 0
1377 9 2 3 1
1378 9 2 3 1
1379 10 2 2 0
1380 9 2 3 1
1381 10 2 2 1
1382 10 2 2 1
1383 11 2 2 1
1384 9 2 3 1
1385 10 2 2 1
1386 10 2 2 1
1387 11 2 2 1
1388 10 2 2 0
1389 11 2 2 1
1390 11 2 2 1
1391 12 2 2 1
1392 10 4 3 0
1393 10 2 3 1
1394 10 2 3 1
1395 11 2 2 0
1396 12 4 2 0
1397 12 2 2 1
1398 12 2 2 1
1399 13 2 2 1
1400 12 4 2 0
1401 12 2 2 1
1402 12 2 2 1
1403 13 2 2 1
1404 13 4 2 0
1405 13 2 2 1
1406 13 2 2 1
1407 14 2 2 1
1408 9 3 3 0
1409 9 2 3 1
1410 9 2 3 1
1411 10 2 2 0
1412 9 2 3 1
1413 10 2 2 1
1414 10 2 2 1
1415 11 2 2 1
1416 9 2 3 1
1417 10 2 2 1
1418 10 2 2 1
1419 11 2 2 1
1420 10 2 2 0
1421 11 2 2 1
1422 11 2 2 1
1423 12 2 2 1
1424 9 3 3 0
1425 9 2 3 1
1426 9 2 3 1
1427 10 2 2 0
1428 12 4 2 0
1429 12 2 2 1
1430 12 2 2 1
1431 13 2 2 1
1432 12 4 2 0
1433 12 2 2 1
1434 12 2 2 1
1435 13 2 2 1
1436 13 4 2 0
1437 13 2 2 1
1438 13 2 2 1
1439 14 2 2 1
1440 9 3 3 0
1441 9 2 3 1
1442 9 2 3 1
1443 10 2 2 0
1444 9 2 3 1
1445 10 2 2 1
1446 10 2 2 1
1447 11 2 2 1
1448 9 2 3 1
1449 10 2 2 1
1450 10 2 2 1
1451 11 2 2 1
1452 10 2 2 0
1453 11 2 2 1
1454 11 2 2 1
1455 12 2 2 1
1456 10 4 3 0
1457 10 2 3 1
1458 10 2 3 1
1459 11 2 2 0
1460 12 4 2 0
1461 12 2 2 1
1462 12 2 2 1
1463 13 2 2 1
1464 12 4 2 0
1465 12 2 2 1
1466 12 2 2 1
1467 13 2 2 1
1468 13 4 2 0
1469 13 2 2 1
1470 13 2 2 1
1471 14 2 2 1
1472 10 3 3 1
1473 10 2 3 2
1474 10 2 3 2
1475 11 2 2 1
1476 10 2 3 2
1477 11 2 2 1
1478 11 2 2 1
1479 12 2 2 1
1480 10 2 3 2
1481 11 2 2 1
1482 11 2 2 1
1483 12 2 2 1
1484 11 2 2 1
1485 12 2 2 1
1486 12 2 2 1
1487 13 2 2 1
1488 10 3 3 1
1489 10 2 3 2
1490 10 2 3 2
1491 11 2 2 1
1492 13 4 2 1
1493 13 2 2 1
1494 13 2 2 1
1495 14 2 2 1
1496 13 4 2 1
1497 13 2 2 1
1498 13 2 2 1
1499 14 2 2 1
1500 14 4 2 1
1501 14 2 2 1
1502 14 2 2 1
1503 15 2 2 1
1504 10 3 3 1
1505 10 2 3 2
1506 10 2 3 2
1507 11 2 2 1
1508 10 2 3 2
1509 11 2 2 1
1510 11 2 2 1
1511 12 2 2 1
1512 10 2 3 2
1513 11 2 2 1
1514 11 2 2 1
1515 12 2 2 1
1516 11 2 2 1
1517 12 2 2 1
1518 12 2 2 1
1519 13 2 2 1
1520 11 4 3 1
1521 11 2 3 2
1522 11 2 3 2
1523 12 2 2 1
1524 13 4 2 1
1525 13 2 2 1
1526 13 2 2 1
1527 14 2 2 1
1528 13 4 2 1
1529 13 2 2 1
1530 13 2 2 1
1531 14 2 2 1
1532 14 4 2 1
1533 14 2 2 1
1534 14 2 2 1
1535 15 2 2 1
1536 9 3 3 0
1537 9 2 3 1
1538 9 2 3 1
1539 10 2 2 0
1540 9 2 3 1
1541 10 2 2 1
1542 10 2 2 1
1543 11 2 2 1
1544 9 2 3 1
1545 10 2 2 1
1546 10 2 2 1
1547 11 2 2 1
1548 10 2 2 0
1549 11 2 2 1
1550 11 2 2 1
1551 12 2 2 1
1552 9 3 3 0
1553 9 2 3 1
1554 9 2 3 1
1555 10 2 2 0
1556 12 4 2 0
1557 12 2 2 1
1558 12 2 2 1
1559 13 2 2 1
1560 12 4 2 0
1561 12 2 2 1
1562 12 2 2 1
1563 13 2 2 1
1564 13 4 2 0
1565 13 2 2 1
1566 13 2 2 1
1567 14 2 2 1
1568 9 3 3 0
1569 9 2 3 1
1570 9 2 3 1
1571 10 2 2 0
1572 9 2 3 1
1573 10 2 2 1
1574 10 2 2 1
1575 11 2 2 1
1576 9 2 3 1
1577 10 2 2 1
1578 10 2 2 1
1579 11 2 2 1
1580 10 2 2 0
1581 11 2 2 1
1582 11 2 2 1
1583 12 2 2 1
1584 10 4 3 0
1585 10 2 3 1
1586 10 2 3 1
1587 11 2 2 0
1588 12 4 2 0
1589 12 2 2 1
1590 12 2 2 1
1591 13 2 2 1
1592 12 4 2 0
1593 12 2 2 1
1594 12 2 2 1
1595 13 2 2 1
1596 13 4 2 0
1597 13 2 2 1
1598 13 2 2 1
1599 14 2 2 1
1600 9 3 3 0
1601 9 2 3 1
1602 9 2 3 1
1603 10 2 2 0
1604 9 2 3 1
1605 10 2 2 1
1606 10 2 2 1
1607 11 2 2 1
1608 9 2 3 1
1609 10 2 2 1
1610 10 2 2 1
1611 11 2 2 1
1612 10 2 2 0
1613 11 2 2 1
1614 11 2 2 1
1615 12 2 2 1
1616 9 3 3 0
1617 9 2 3 1
1618 9 2 3 1
1619 10 2 2 0
1620 12 4 2 0
1621 12 2 2 1
1622 12 2 2 1
1623 13 2 2 1
1624 12 4 2 0
1625 12 2 2 1
1626 12 2 2 1
1627 13 2 2 1
1628 13 4 2 0
1629 13 2 2 1
1630 13 2 2 1
1631 14 2 2 1
1632 9 3 3 0
1633 9 2 3 1
1634 9 2 3 1
1635 10 2 2 0
1636 9 2 3 1
1637 10 2 2 1
1638 10 2 2 1
1639 11 2 2 1
1640 9 2 3 1
1641 10 2 2 1
1642 10 2 2 1
1643 11 2 2 1
1644 10 2 2 0
1645 11 2 2 1
1646 11 2 2 1
1647 12 2 2 1
1648 10 4 3 0
1649 10 2 3 1
1650 10 2 3 1
1651 11 2 2 0
1652 12 4 2 0
1653 12 2 2 1
1654 12 2 2 1
1655 13 2 2 1
1656 12 4 2 0
1657 12 2 2 1
1658 12 2 2 1
1659 13 2 2 1
1660 13 4 2 0
1661 13 2 2 1
1662 13 2 2 1
1663 14 2 2 1
1664 9 3 3 0
1665 9 2 3 1
1666 9 2 3 1
1667 10 2 2 0
1668 9 2 3 1
1669 10 2 2 1
1670 10 2 2 1
1671 11 2 2 1
1672 9 2 3 1
1673 10 2 2 1
1674 10 2 2 1
1675 11 2 2 1
1676 10 2 2 0
1677 11 2 2 1
1678 11 2 2 1
1679 12 2 2 1
1680 9 3 3 0
1681 9 2 3 1
1682 9 2 3 1
1683 10 2 2 0
1684 12 4 2 0
1685 12 2 2 1
1686 12 2 2 1
1687 13 2 2 1
1688 12 4 2 0
1689 12 2 2 1
1690 12 2 2 1
1691 13 2 2 1
1692 13 4 2 0
1693 13 2 2 1
1694 13 2 2 1
1695 14 2 2 1
1696 9 3 3 0
1697 9 2 3 1
1698 9 2 3 1
1699 10 2 2 0
1700 9 2 3 1
1701 10 2 2 1
1702 10 2 2 1
1703 11 2 2 1
1704 9 2 3 1
1705 10 2 2 1
1706 10 2 2 1
1707 11 2 2 1
1708 10 2 2 0
1709 11 2 2 1
1710 11 2 2 1
1711 12 2 2 1
1712 10 4 3 0
1713 10 2 3 1
1714 10 2 3 1
1715 11 2 2 0
1716 12 4 2 0
1717 12 2 2 1
1718 12 2 2 1
1719 13 2 2 1
1720 12 4 2 0
1721 12 2 2 1
1722 12 2 2 1
1723 13 2 2 1
1724 13 4 2 0
1725 13 2 2 1
1726 13 2 2 1
1727 14 2 2 1
1728 10 3 3 1
1729 10 2 3 2
1730 10 2 3 2
1731 11 2 2 1
1732 10 2 3 2
1733 11 2 2 1
1734 11 2 2 1
1735 12 2 2 1
1736 10 2 3 2
1737 11 2 2 1
1738 11 2 2 1
1739 12 2 2 1
1740 11 2 2 1
1741 12 2 2 1
1742 12 2 2 1
1743 13 2 2 1
1744 10 3 3 1
1745 10 2 3 2
1746 10 2 3 2
1747 11 2 2 1
1748 13 4 2 1
1749 13 2 2 1
1750 13 2 2 1
1751 14 2 2 1
1752 13 4 2 1
1753 13 2 2 1
1754 13 2 2 1
1755 14 2 2 1
1756 14 4 2 1
1757 14 2 2 1
1758 14 2 2 1
1759 15 2 2 1
1760 10 3 3 1
1761 10 2 3 2
1762 10 2 3 2
1763 11 2 2 1
1764 10 2 3 2
1765 11 2 2 1
1766 11 2 2 1
1767 12 2 2 1
1768 10 2 3 2
1769 11 2 2 1
1770 11 2 2 1
1771 12 2 2 1
1772 11 2 2 1
1773 12 2 2 1
1774 12 2 2 1
1775 13 2 2 1
1776 11 4 3 1
1777 11 2 3 2
1778 11 2 3 2
1779 12 2 2 1
1780 13 4 2 1
1781 13 2 2 1
1782 13 2 2 1
1783 14 2 2 1
1784 13 4 2 1
1785 13 2 2 1
1786 13 2 2 1
1787 14 2 2 1
1788 14 4 2 1
1789 14 2 2 1
1790 14 2 2 1
1791 15 2 2 1
1792 10 3 3 0
1793 10 2 3 1
1794 10 2 3 1
1795 11 2 2 0
1796 10 2 3 1
1797 11 2 2 1
1798 11 2 2 1
1799 12 2 2 1
1800 10 2 3 1
1801 11 2 2 1
1802 11 2 2 1
1803 12 2 2 1
1804 11 2 2 0
1805 12 2 2 1
1806 12 2 2 1
1807 13 2 2 1
1808 10 3 3 0
1809 10 2 3 1
1810 10 2 3 1
1811 11 2 2 0
1812 13 4 2 0
1813 13 2 2 1
1814 13 2 2 1
1815 14 2 2 1
1816 13 4 2 0
1817 13 2 2 1
1818 13 2 2 1
1819 14 2 2 1
1820 14 4 2 0
1821 14 2 2 1
1822 14 2 2 1
1823 15 2 2 1
1824 10 3 3 0
1825 10 2 3 1
1826 10 2 3 1
1827 11 2 2 0
1828 10 2 3 1
1829 11 2 2 1
1830 11 2 2 1
1831 12 2 2 1
1832 10 2 3 1
1833 11 2 2 1
1834 11 2 2 1
1835 12 2 2 1
1836 11 2 2 0
1837 12 2 2 1
1838 12 2 2 1
1839 13 2 2 1
1840 11 4 3 0
1841 11 2 3 1
1842 11 2 3 1
1843 12 2 2 0
1844 13 4 2 0
1845 13 2 2 1
1846 13 2 2 1
1847 14 2 2 1
1848 13 4 2 0
1849 13 2 2 1
1850 13 2 2 1
1851 14 2 2 1
1852 14 4 2 0
1853 14 2 2 1
1854 14 2 2 1
1855 15 2 2 1
1856 10 3 3 0
1857 10 2 3 1
1858 10 2 3 1
1859 11 2 2 0
1860 10 2 3 1
1861 11 2 2 1
1862 11 2 2 1
1863 12 2 2 1
1864 10 2 3 1
1865 11 2 2 1
1866 11 2 2 1
1867 12 2 2 1
1868 11 2 2 0
1869 12 2 2 1
1870 12 2 2 1
1871 13 2 2 1
1872 10 3 3 0
1873 10 2 3 1
1874 10 2 3 1
1875 11 2 2 0
1876 13 4 2 0
1877 13 2 2 1
1878 13 2 2 1
1879 14 2 2 1
1880 13 4 2 0
1881 13 2 2 1
1882 13 2 2 1
1883 14 2 2 1
1884 14 4 2 0
1885 14 2 2 1
1886 14 2 2 1
1887 15 2 2 1
1888 10 3 3 0
1889 10 2 3 1
1890 10 2 3 1
1891 11 2 2 0
1892 10 2 3 1
1893 11 2 2 1
1894 11 2 2 1
1895 12 2 2 1
1896 10 2 3 1
1897 11 2 2 1
1898 11 2 2 1
1899 12 2 2 1
1900 11 2 2 0
1901 12 2 2 1
1902 12 2 2 1
1903 13 2 2 1
1904 11 4 3 0
1905 11 2 3 1
1906 11 2 3 1
1907 12 2 2 0
1908 13 4 2 0
1909 13 2 2 1
1910 13 2 2 1
1911 14 2 2 1
1912 13 4 2 0
1913 13 2 2 1
1914 13 2 2 1
1915 14 2 2 1
1916 14 4 2 0
1917 14 2 2 1
1918 14 2 2 1
1919 15 2 2 1
1920 10 3 3 0
1921 10 2 3 1
1922 10 2 3 1
1923 11 2 2 0
1924 10 2 3 1
1925 11 2 2 1
1926 11 2 2 1
1927 12 2 2 1
1928 10 2 3 1
1929 11 2 2 1
1930 11 2 2 1
1931 12 2 2 1
1932 11 2 2 0
1933 12 2 2 1
1934 12 2 2 1
1935 13 2 2 1
1936 10 3 3 0
1937 10 2 3 1
1938 10 2 3 1
1939 11 2 2 0
1940 13 4 2 0
1941 13 2 2 1
1942 13 2 2 1
1943 14 2 2 1
1944 13 4 2 0
1945 13 2 2 1
1946 13 2 2 1
1947 14 2 2 1
1948 14 4 2 0
1949 14 2 2 1
1950 14 2 2 1
1951 15 2 2 1
1952 10 3 3 0
1953 10 2 3 1
1954 10 2 3 1
1955 11 2 2 0
1956 10 2 3 1
1957 11 2 2 1
1958 11 2 2 1
1959 12 2 2 1
1960 10 2 3 1
1961 11 2 2 1
1962 11 2 2 1
1963 12 2 2 1
1964 11 2 2 0
1965 12 2 2 1
1966 12 2 2 1
1967 13 2 2 1
1968 11 4 3 0
1969 11 2 3 1
1970 11 2 3 1
1971 12 2 2 0
1972 13 4 2 0
1973 13 2 2 1
1974 13 2 2 1
1975 14 2 2 1
1976 13 4 2 0
1977 13 2 2 1
1978 13 2 2 1
1979 14 2 2 1
1980 14 4 2 0
1981 14 2 2 1
1982 14 2 2 1
1983 15 2 2 1
1984 11 3 3 1
1985 11 2 3 2
1986 11 2 3 2
1987 12 2 2 1
1988 11 2 3 2
1989 12 2 2 1
1990 12 2 2 1
1991 13 2 2 1
1992 11 2 3 2
1993 12 2 2 1
1994 12 2 2 1
1995 13 2 2 1
1996 12 2 2 1
1997 13 2 2 1
1998 13 2 2 1
1999 14 2 2 1
2000 11 3 3 1
2001 11 2 3 2
2002 11 2 3 2
2003 12 2 2 1
2004 14 4 2 1
2005 14 2 2 1
2006 14 2 2 1
2007 15 2 2 1
2008 14 4 2 1
2009 14 2 2 1
2010 14 2 2 1
2011 15 2 2 1
2012 15 4 2 1
2013 15 2 2 1
2014 15 2 2 1
2015 16 2 2 1
2016 11 3 3 1
2017 11 2 3 2
2018 11 2 3 2
2019 12 2 2 1
2020 11 2 3 2
2021 12 2 2 1
2022 12 2 2 1
2023 13 2 2 1
2024 11 2 3 2
2025 12 2 2 1
2026 12 2 2 1
2027 13 2 2 1
2028 12 2 2 1
2029 13 2 2 1
2030 13 2 2 1
2031 14 2 2 1
2032 12 4 3 1
2033 12 2 3 2
2034 12 2 3 2
2035 13 2 2 1
2036 14 4 2 1
2037 14 2 2 1
2038 14 2 2 1
2039 15 2 2 1
2040 14 4 2 1
2041 14 2 2 1
2042 14 2 2 1
2043 15 2 2 1
2044 15 4 2 1
2045 15 2 2 1
2046 15 2 2 1
2047 16 2 2 1
2048 6 3 4 0
2049 6 0 4 1
2050 6 0 4 1
2051 7 0 3 0
2052 6 0 4 1
2053 7 0 3 1
2054 7 0 3 1
2055 8 0 3 1
2056 6 0 4 1
2057 7 0 3 1
2058 7 0 3 1
2059 8 0 3 1
2060 7 0 3 0
2061 8 0 3 1
2062 8 0 3 1
2063 9 0 3 1
2064 6 2 4 0
2065 6 0 4 1
2066 6 0 4 1
2067 7 0 3 0
2068 9 2 3 0
2069 9 0 3 1
2070 9 0 3 1
2071 10 0 3 1
2072 9 2 3 0
2073 9 0 3 1
2074 9 0 3 1
2075 10 0 3 1
2076 10 2 3 0
2077 10 0 3 1
2078 10 0 3 1
2079 11 0 3 1
2080 6 2 4 0
2081 6 0 4 1
2082 6 0 4 1
2083 7 0 3 0
2084 6 0 4 1
2085 7 0 3 1
2086 7 0 3 1
2087 8 0 3 1
2088 6 0 4 1
2089 7 0 3 1
2090 7 0 3 1
2091 8 0 3 1
2092 7 0 3 0
2093 8 0 3 1
2094 8 0 3 1
2095 9 0 3 1
2096 7 2 4 0
2097 7 0 4 1
2098 7 0 4 1
2099 8 0 3 0
2100 9 2 3 0
2101 9 0 3 1
2102 9 0 3 1
2103 10 0 3 1
2104 9 2 3 0
2105 9 0 3 1
2106 9 0 3 1
2107 10 0 3 1
2108 10 2 3 0
2109 10 0 3 1
2110 10 0 3 1
2111 11 0 3 1
2112 6 3 4 0
2113 6 0 4 1
2114 6 0 4 1
2115 7 0 3 0
2116 6 0 4 1
2117 7 0 3 1
2118 7 0 3 1
2119 8 0 3 1
2120 6 0 4 1
2121 7 0 3 1
2122 7 0 3 1
2123 8 0 3 1
2124 7 0 3 0
2125 8 0 3 1
2126 8 0 3 1
2127 9 0 3 1
2128 6 2 4 0
2129 6 0 4 1
2130 6 0 4 1
2131 7 0 3 0
2132 9 2 3 0
2133 9 0 3 1
2134 9 0 3 1
2135 10 0 3 1
2136 9 2 3 0
2137 9 0 3 1
2138 9 0 3 1
2139 10 0 3 1
2140 10 2 3 0
2141 10 0 3 1
2142 10 0 3 1
2143 11 0 3 1
2144 6 2 4 0
2145 6 0 4 1
2146 6 0 4 1
2147 7 0 3 0
2148 6 0 4 1
2149 7 0 3 1
2150 7 0 3 1
2151 8 0 3 1
2152 6 0 4 1
2153 7 0 3 1
2154 7 0 3 1
2155 8 0 3 1
2156 7 0 3 0
2157 8 0 3 1
2158 8 0 3 1
2159 9 0 3 1
2160 7 2 4 0
2161 7 0 4 1
2162 7 0 4 1
2163 8 0 3 0
2164 9 2 3 0
2165 9 0 3 1
2166 9 0 3 1
2167 10 0 3 1
2168 9 2 3 0
2169 9 0 3 1
2170 9 0 3 1
2171 10 0 3 1
2172 10 2 3 0
2173 10 0 3 1
2174 10 0 3 1
2175 11 0 3 1
2176 6 3 4 0
2177 6 0 4 1
2178 6 0 4 1
2179 7 0 3 0
2180 6 0 4 1
2181 7 0 3 1
2182 7 0 3 1
2183 8 0 3 1
2184 6 0 4 1
2185 7 0 3 1
2186 7 0 3 1
2187 8 0 3 1
2188 7 0 3 0
2189 8 0 3 1
2190 8 0 3 1
2191 9 0 3 1
2192 6 2 4 0
2193 6 0 4 1
2194 6 0 4 1
2195 7 0 3 0
2196 9 2 3 0
2197 9 0 3 1
2198 9 0 3 1
2199 10 0 3 1
2200 9 2 3 0
2201 9 0 3 1
2202 9 0 3 1
2203 10 0 3 1
2204 10 2 3 0
2205 10 0 3 1
2206 10 0 3 1
2207 11 0 3 1
2208 6 2 4 0
2209 6 0 4 1
2210 6 0 4 1
2211 7 0 3 0
2212 6 0 4 1
2213 7 0 3 1
2214 7 0 3 1
2215 8 0 3 1
2216 6 0 4 1
2217 7 0 3 1
2218 7 0 3 1
2219 8 0 3 1
2220 7 0 3 0
2221 8 0 3 1
2222 8 0 3 1
2223 9 0 3 1
2224 7 2 4 0
2225 7 0 4 1
2226 7 0 4 1
2227 8 0 3 0
2228 9 2 3 0
2229 9 0 3 1
2230 9 0 3 1
2231 10 0 3 1
2232 9 2 3 0
2233 9 0 3 1
2234 9 0 3 1
2235 10 0 3 1
2236 10 2 3 0
2237 10 0 3 1
2238 10 0 3 1
2239 11 0 3 1
2240 7 3 3 0
2241 7 1 3 1
2242 7 1 3 1
2243 8 1 2 0
2244 7 1 3 1
2245 8 1 2 1
2246 8 1 2 1
2247 9 1 2 1
2248 7 1 3 1
2249 8 1 2 1
2250 8 1 2 1
2251 9 1 2 1
2252 8 1 2 0
2253 9 1 2 1
2254 9 1 2 1
2255 10 1 2 1
2256 7 3 3 0
2257 7 1 3 1
2258 7 1 3 1
2259 8 1 2 0
2260 10 3 2 0
2261 10 1 2 1
2262 10 1 2 1
2263 11 1 2 1
2264 10 3 2 0
2265 10 1 2 1
2266 10 1 2 1
2267 11 1 2 1
2268 11 3 2 0
2269 11 1 2 1
2270 11 1 2 1
2271 12 1 2 1
2272 7 3 3 0
2273 7 1 3 1
2274 7 1 3 1
2275 8 1 2 0
2276 7 1 3 1
2277 8 1 2 1
2278 8 1 2 1
2279 9 1 2 1
2280 7 1 3 1
2281 8 1 2 1
2282 8 1 2 1
2283 9 1 2 1
2284 8 1 2 0
2285 9 1 2 1
2286 9 1 2 1
2287 10 1 2 1
2288 8 3 3 0
2289 8 1 3 1
2290 8 1 3 1
2291 9 1 2 0
2292 10 3 2 0
2293 10 1 2 1
2294 10 1 2 1
2295 11 1 2 1
2296 10 3 2 0
2297 10 1 2 1
2298 10 1 2 1
2299 11 1 2 1
2300 11 3 2 0
2301 11 1 2 1
2302 11 1 2 1
2303 12 1 2 1
2304 6 3 4 0
2305 6 0 4 1
2306 6 0 4 1
2307 7 0 3 0
2308 6 0 4 1
2309 7 0 3 1
2310 7 0 3 1
2311 8 0 3 1
2312 6 0 4 1
2313 7 0 3 1
2314 7 0 3 1
2315 8 0 3 1
2316 7 0 3 0
2317 8 0 3 1
2318 8 0 3 1
2319 9 0 3 1
2320 6 2 4 0
2321 6 0 4 1
2322 6 0 4 1
2323 7 0 3 0
2324 9 2 3 0
2325 9 0 3 1
2326 9 0 3 1
2327 10 0 3 1
2328 9 2 3 0
2329 9 0 3 1
2330 9 0 3 1
2331 10 0 3 1
2332 10 2 3 0
2333 10 0 3 1
2334 10 0 3 1
2335 11 0 3 1
2336 6 2 4 0
2337 6 0 4 1
2338 6 0 4 1
2339 7 0 3 0
2340 6 0 4 1
2341 7 0 3 1
2342 7 0 3 1
2343 8 0 3 1
2344 6 0 4 1
2345 7 0 3 1
2346 7 0 3 1
2347 8 0 3 1
2348 7 0 3 0
2349 8 0 3 1
2350 8 0 3 1
2351 9 0 3 1
2352 7 2 4 0
2353 7 0 4 1
2354 7 0 4 1
2355 8 0 3 0
2356 9 2 3 0
2357 9 0 3 1
2358 9 0 3 1
2359 10 0 3 1
2360 9 2 3 0
2361 9 0 3 1
2362 9 0 3 1
2363 10 0 3 1
2364 10 2 3 0
2365 10 0 3 1
2366 10 0 3 1
2367 11 0 3 1
2368 7 3 3 0
2369 7 0 3 1
2370 7 0 3 1
2371 8 0 2 0
2372 7 0 3 1
2373 8 0 2 1
2374 8 0 2 1
2375 9 0 2 1
2376 7 0 3 1
2377 8 0 2 1
2378 8 0 2 1
2379 9 0 2 1
2380 8 0 2 0
2381 9 0 2 1
2382 9 0 2 1
2383 10 0 2 1
2384 7 2 3 0
2385 7 0 3 1
2386 7 0 3 1
2387 8 0 2 0
2388 10 2 2 0
2389 10 0 2 1
2390 10 0 2 1
2391 11 0 2 1
2392 10 2 2 0
2393 10 0 2 1
2394 10 0 2 1
2395 11 0 2 1
2396 11 2 2 0
2397 11 0 2 1
2398 11 0 2 1
2399 12 0 2 1
2400 7 2 3 0
2401 7 0 3 1
2402 7 0 3 1
2403 8 0 2 0
2404 7 0 3 1
2405 8 0 2 1
2406 8 0 2 1
2407 9 0 2 1
2408 7 0 3 1
2409 8 0 2 1
2410 8 0 2 1
2411 9 0 2 1
2412 8 0 2 0
2413 9 0 2 1
2414 9 0 2 1
2415 10 0 2 1
2416 8 2 3 0
2417 8 0 3 1
2418 8 0 3 1
2419 9 0 2 0
2420 10 2 2 0
2421 10 0 2 1
2422 10 0 2 1
2423 11 0 2 1
2424 10 2 2 0
2425 10 0 2 1
2426 10 0 2 1
2427 11 0 2 1
2428 11 2 2 0
2429 11 0 2 1
2430 11 0 2 1
2431 12 0 2 1
2432 7 3 3 0
2433 7 0 3 1
2434 7 0 3 1
2435 8 0 2 0
2436 7 0 3 1
2437 8 0 2 1
2438 8 0 2 1
2439 9 0 2 1
2440 7 0 3 1
2441 8 0 2 1
2442 8 0 2 1
2443 9 0 2 1
2444 8 0 2 0
2445 9 0 2 1
2446 9 0 2 1
2447 10 0 2 1
2448 7 2 3 0
2449 7 0 3 1
2450 7 0 3 1
2451 8 0 2 0
2452 10 2 2 0
2453 10 0 2 1
2454 10 0 2 1
2455 11 0 2 1
2456 10 2 2 0
2457 10 0 2 1
2458 10 0 2 1
2459 11 0 2 1
2460 11 2 2 0
2461 11 0 2 1
2462 11 0 2 1
2463 12 0 2 1
2464 7 2 3 0
2465 7 0 3 1
2466 7 0 3 1
2467 8 0 2 0
2468 7 0 3 1
2469 8 0 2 1
2470 8 0 2 1
2471 9 0 2 1
2472 7 0 3 1
2473 8 0 2 1
2474 8 0 2 1
2475 9 0 2 1
2476 8 0 2 0
2477 9 0 2 1
2478 9 0 2 1
2479 10 0 2 1
2480 8 2 3 0
2481 8 0 3 1
2482 8 0 3 1
2483 9 0 2 0
2484 10 2 2 0
2485 10 0 2 1
2486 10 0 2 1
2487 11 0 2 1
2488 10 2 2 0
2489 10 0 2 1
2490 10 0 2 1
2491 11 0 2 1
2492 11 2 2 0
2493 11 0 2 1
2494 11 0 2 1
2495 12 0 2 1
2496 8 3 3 1
2497 8 0 3 2
2498 8 0 3 2
2499 9 0 2 1
2500 8 0 3 2
2501 9 0 2 1
2502 9 0 2 1
2503 10 0 2 1
2504 8 0 3 2
2505 9 0 2 1
2506 9 0 2 1
2507 10 0 2 1
2508 9 0 2 1
2509 10 0 2 1
2510 10 0 2 1
2511 11 0 2 1
2512 8 2 3 1
2513 8 0 3 2
2514 8 0 3 2
2515 9 0 2 1
2516 11 2 2 1
2517 11 0 2 1
2518 11 0 2 1
2519 12 0 2 1
2520 11 2 2 1
2521 11 0 2 1
2522 11 0 2 1
2523 12 0 2 1
2524 12 2 2 1
2525 12 0 2 1
2526 12 0 2 1
2527 13 0 2 1
2528 8 2 3 1
2529 8 0 3 2
2530 8 0 3 2
2531 9 0 2 1
2532 8 0 3 2
2533 9 0 2 1
2534 9 0 2 1
2535 10 0 2 1
2536 8 0 3 2
2537 9 0 2 1
2538 9 0 2 1
2539 10 0 2 1
2540 9 0 2 1
2541 10 0 2 1
2542 10 0 2 1
2543 11 0 2 1
2544 9 2 3 1
2545 9 0 3 2
2546 9 0 3 2
2547 10 0 2 1
2548 11 2 2 1
2549 11 0 2 1
2550 11 0 2 1
2551 12 0 2 1
2552 11 2 2 1
2553 11 0 2 1
2554 11 0 2 1
2555 12 0 2 1
2556 12 2 2 1
2557 12 0 2 1
2558 12 0 2 1
2559 13 0 2 1
2560 6 3 4 0
2561 6 0 4 1
2562 6 0 4 1
2563 7 0 3 0
2564 6 0 4 1
2565 7 0 3 1
2566 7 0 3 1
2567 8 0 3 1
2568 6 0 4 1
2569 7 0 3 1
2570 7 0 3 1
2571 8 0 3 1
2572 7 0 3 0
2573 8 0 3 1
2574 8 0 3 1
2575 9 0 3 1
2576 6 2 4 0
2577 6 0 4 1
2578 6 0 4 1
2579 7 0 3 0
2580 9 2 3 0
2581 9 0 3 1
2582 9 0 3 1
2583 10 0 3 1
2584 9 2 3 0
2585 9 0 3 1
2586 9 0 3 1
2587 10 0 3 1
2588 10 2 3 0
2589 10 0 3 1
2590 10 0 3 1
2591 11 0 3 1
2592 6 2 4 0
2593 6 0 4 1
2594 6 0 4 1
2595 7 0 3 0
2596 6 0 4 1
2597 7 0 3 1
2598 7 0 3 1
2599 8 0 3 1
2600 6 0 4 1
2601 7 0 3 1
2602 7 0 3 1
2603 8 0 3 1
2604 7 0 3 0
2605 8 0 3 1
2606 8 0 3 1
2607 9 0 3 1
2608 7 2 4 0
2609 7 0 4 1
2610 7 0 4 1
2611 8 0 3 0
2612 9 2 3 0
2613 9 0 3 1
2614 9 0 3 1
2615 10 0 3 1
2616 9 2 3 0
2617 9 0 3 1
2618 9 0 3 1
2619 10 0 3 1
2620 10 2 3 0
2621 10 0 3 1
2622 10 0 3 1
2623 11 0 3 1
2624 7 3 3 0
2625 7 0 3 1
2626 7 0 3 1
2627 8 0 2 0
2628 7 0 3 1
2629 8 0 2 1
2630 8 0 2 1
2631 9 0 2 1
2632 7 0 3 1
2633 8 0 2 1
2634 8 0 2 1
2635 9 0 2 1
2636 8 0 2 0
2637 9 0 2 1
2638 9 0 2 1
2639 10 0 2 1
2640 7 2 3 0
2641 7 0 3 1
2642 7 0 3 1
2643 8 0 2 0
2644 10 2 2 0
2645 10 0 2 1
2646 10 0 2 1
2647 11 0 2 1
2648 10 2 2 0
2649 10 0 2 1
2650 10 0 2 1
2651 11 0 2 1
2652 11 2 2 0
2653 11 0 2 1
2654 11 0 2 1
2655 12 0 2 1
2656 7 2 3 0
2657 7 0 3 1
2658 7 0 3 1
2659 8 0 2 0
2660 7 0 3 1
2661 8 0 2 1
2662 8 0 2 1
2663 9 0 2 1
2664 7 0 3 1
2665 8 0 2 1
2666 8 0 2 1
2667 9 0 2 1
2668 8 0 2 0
2669 9 0 2 1
2670 9 0 2 1
2671 10 0 2 1
2672 8 2 3 0
2673 8 0 3 1
2674 8 0 3 1
2675 9 0 2 0
2676 10 2 2 0
2677 10 0 2 1
2678 10 0 2 1
2679 11 0 2 1
2680 10 2 2 0
2681 10 0 2 1
2682 10 0 2 1
2683 11 0 2 1
2684 11 2 2 0
2685 11 0 2 1
2686 11 0 2 1
2687 12 0 2 1
2688 7 3 3 0
2689 7 0 3 1
2690 7 0 3 1
2691 8 0 2 0
2692 7 0 3 1
2693 8 0 2 1
2694 8 0 2 1
2695 9 0 2 1
2696 7 0 3 1
2697 8 0 2 1
2698 8 0 2 1
2699 9 0 2 1
2700 8 0 2 0
2701 9 0 2 1
2702 9 0 2 1
2703 10 0 2 1
2704 7 2 3 0
2705 7 0 3 1
2706 7 0 3 1
2707 8 0 2 0
2708 10 2 2 0
2709 10 0 2 1
2710 10 0 2 1
2711 11 0 2 1
2712 10 2 2 0
2713 10 0 2 1
2714 10 0 2 1
2715 11 0 2 1
2716 11 2 2 0
2717 11 0 2 1
2718 11 0 2 1
2719 12 0 2 1
2720 7 2 3 0
2721 7 0 3 1
2722 7 0 3 1
2723 8 0 2 0
2724 7 0 3 1
2725 8 0 2 1
2726 8 0 2 1
2727 9 0 2 1
2728 7 0 3 1
2729 8 0 2 1
2730 8 0 2 1
2731 9 0 2 1
2732 8 0 2 0
2733 9 0 2 1
2734 9 0 2 1
2735 10 0 2 1
2736 8 2 3 0
2737 8 0 3 1
2738 8 0 3 1
2739 9 0 2 0
2740 10 2 2 0
2741 10 0 2 1
2742 10 0 2 1
2743 11 0 2 1
2744 10 2 2 0
2745 10 0 2 1
2746 10 0 2 1
2747 11 0 2 1
2748 11 2 2 0
2749 11 0 2 1
2750 11 0 2 1
2751 12 0 2 1
2752 8 3 3 1
2753 8 0 3 2
2754 8 0 3 2
2755 9 0 2 1
2756 8 0 3 2
2757 9 0 2 1
2758 9 0 2 1
2759 10 0 2 1
2760 8 0 3 2
2761 9 0 2 1
2762 9 0 2 1
2763 10 0 2 1
2764 9 0 2 1
2765 10 0 2 1
2766 10 0 2 1
2767 11 0 2 1
2768 8 2 3 1
2769 8 0 3 2
2770 8 0 3 2
2771 9 0 2 1
2772 11 2 2 1
2773 11 0 2 1
2774 11 0 2 1
2775 12 0 2 1
2776 11 2 2 1
2777 11 0 2 1
2778 11 0 2 1
2779 12 0 2 1
2780 12 2 2 1
2781 12 0 2 1
2782 12 0 2 1
2783 13 0 2 1
2784 8 2 3 1
2785 8 0 3 2
2786 8 0 3 2
2787 9 0 2 1
2788 8 0 3 2
2789 9 0 2 1
2790 9 0 2 1
2791 10 0 2 1
2792 8 0 3 2
2793 9 0 2 1
2794 9 0 2 1
2795 10 0 2 1
2796 9 0 2 1
2797 10 0 2 1
2798 10 0 2 1
2799 11 0 2 1
2800 9 2 3 1
2801 9 0 3 2
2802 9 0 3 2
2803 10 0 2 1
2804 11 2 2 1
2805 11 0 2 1
2806 11 0 2 1
2807 12 0 2 1
2808 11 2 2 1
2809 11 0 2 1
2810 11 0 2 1
2811 12 0 2 1
2812 12 2 2 1
2813 12 0 2 1
2814 12 0 2 1
2815 13 0 2 1
2816 7 3 3 0
2817 7 0 3 1
2818 7 0 3 1
2819 8 0 2 0
2820 7 0 3 1
2821 8 0 2 1
2822 8 0 2 1
2823 9 0 2 1
2824 7 0 3 1
2825 8 0 2 1
2826 8 0 2 1
2827 9 0 2 1
2828 8 0 2 0
2829 9 0 2 1
2830 9 0 2 1
2831 10 0 2 1
2832 7 2 3 0
2833 7 0 3 1
2834 7 0 3 1
2835 8 0 2 0
2836 10 2 2 0
2837 10 0 2 1
2838 10 0 2 1
2839 11 0 2 1
2840 10 2 2 0
2841 10 0 2 1
2842 10 0 2 1
2843 11 0 2 1
2844 11 2 2 0
2845 11 0 2 1
2846 11 0 2 1
2847 12 0 2 1
2848 7 2 3 0
2849 7 0 3 1
2850 7 0 3 1
2851 8 0 2 0
2852 7 0 3 1
2853 8 0 2 1
2854 8 0 2 1
2855 9 0 2 1
2856 7 0 3 1
2857 8 0 2 1
2858 8 0 2 1
2859 9 0 2 1
2860 8 0 2 0
2861 9 0 2 1
2862 9 0 2 1
2863 10 0 2 1
2864 8 2 3 0
2865 8 0 3 1
2866 8 0 3 1
2867 9 0 2 0
2868 10 2 2 0
2869 10 0 2 1
2870 10 0 2 1
2871 11 0 2 1
2872 10 2 2 0
2873 10 0 2 1
2874 10 0 2 1
2875 11 0 2 1
2876 11 2 2 0
2877 11 0 2 1
2878 11 0 2 1
2879 12 0 2 1
2880 8 3 3 0
2881 8 0 3 1
2882 8 0 3 1
2883 9 0 2 0
2884 8 0 3 1
2885 9 0 2 1
2886 9 0 2 1
2887 10 0 2 1
2888 8 0 3 1
2889 9 0 2 1
2890 9 0 2 1
2891 10 0 2 1
2892 9 0 2 0
2893 10 0 2 1
2894 10 0 2 1
2895 11 0 2 1
2896 8 2 3 0
2897 8 0 3 1
2898 8 0 3 1
2899 9 0 2 0
2900 11 2 2 0
2901 11 0 2 1
2902 11 0 2 1
2903 12 0 2 1
2904 11 2 2 0
2905 11 0 2 1
2906 11 0 2 1
2907 12 0 2 1
2908 12 2 2 0
2909 12 0 2 1
2910 12 0 2 1
2911 13 0 2 1
2912 8 2 3 0
2913 8 0 3 1
2914 8 0 3 1
2915 9 0 2 0
2916 8 0 3 1
2917 9 0 2 1
2918 9 0 2 1
2919 10 0 2 1
2920 8 0 3 1
2921 9 0 2 1
2922 9 0 2 1
2923 10 0 2 1
2924 9 0 2 0
2925 10 0 2 1
2926 10 0 2 1
2927 11 0 2 1
2928 9 2 3 0
2929 9 0 3 1
2930 9 0 3 1
2931 10 0 2 0
2932 11 2 2 0
2933 11 0 2 1
2934 11 0 2 1
2935 12 0 2 1
2936 11 2 2 0
2937 11 0 2 1
2938 11 0 2 1
2939 12 0 2 1
2940 12 2 2 0
2941 12 0 2 1
2942 12 0 2 1
2943 13 0 2 1
2944 8 3 3 0
2945 8 0 3 1
2946 8 0 3 1
2947 9 0 2 0
2948 8 0 3 1
2949 9 0 2 1
2950 9 0 2 1
2951 10 0 2 1
2952 8 0 3 1
2953 9 0 2 1
2954 9 0 2 1
2955 10 0 2 1
2956 9 0 2 0
2957 10 0 2 1
2958 10 0 2 1
2959 11 0 2 1
2960 8 2 3 0
2961 8 0 3 1
2962 8 0 3 1
2963 9 0 2 0
2964 11 2 2 0
2965 11 0 2 1
2966 11 0 2 1
2967 12 0 2 1
2968 11 2 2 0
2969 11 0 2 1
2970 11 0 2 1
2971 12 0 2 1
2972 12 2 2 0
2973 12 0 2 1
2974 12 0 2 1
2975 13 0 2 1
2976 8 2 3 0
2977 8 0 3 1
2978 8 0 3 1
2979 9 0 2 0
2980 8 0 3 1
2981 9 0 2 1
2982 9 0 2 1
2983 10 0 2 1
2984 8 0 3 1
2985 9 0 2 1
2986 9 0 2 1
2987 10 0 2 1
2988 9 0 2 0
2989 10 0 2 1
2990 10 0 2 1
2991 11 0 2 1
2992 9 2 3 0
2993 9 0 3 1
2994 9 0 3 1
2995 10 0 2 0
2996 11 2 2 0
2997 11 0 2 1
2998 11 0 2 1
2999 12 0 2 1
3000 11 2 2 0
3001 11 0 2 1
3002 11 0 2 1
3003 12 0 2 1
3004 12 2 2 0
3005 12 0 2 1
3006 12 0 2 1
3007 13 0 2 1
3008 9 3 3 1
3009 9 0 3 2
3010 9 0 3 2
3011 10 0 2 1
3012 9 0 3 2
3013 10 0 2 1
3014 10 0 2 1
3015 11 0 2 1
3016 9 0 3 2
3017 10 0 2 1
3018 10 0 2 1
3019 11 0 2 1
3020 10 0 2 1
3021 11 0 2 1
3022 11 0 2 1
3023 12 0 2 1
3024 9 2 3 1
3025 9 0 3 2
3026 9 0 3 2
3027 10 0 2 1
3028 12 2 2 1
3029 12 0 2 1
3030 12 0 2 1
3031 13 0 2 1
3032 12 2 2 1
3033 12 0 2 1
3034 12 0 2 1
3035 13 0 2 1
3036 13 2 2 1
3037 13 0 2 1
3038 13 0 2 1
3039 14 0 2 1
3040 9 2 3 1
3041 9 0 3 2
3042 9 0 3 2
3043 10 0 2 1
3044 9 0 3 2
3045 10 0 2 1
3046 10 0 2 1
3047 11 0 2 1
3048 9 0 3 2
3049 10 0 2 1
3050 10 0 2 1
3051 11 0 2 1
3052 10 0 2 1
3053 11 0 2 1
3054 11 0 2 1
3055 12 0 2 1
3056 10 2 3 1
3057 10 0 3 2
3058 10 0 3 2
3059 11 0 2 1
3060 12 2 2 1
3061 12 0 2 1
3062 12 0 2 1
3063 13 0 2 1
3064 12 2 2 1
3065 12 0 2 1
3066 12 0 2 1
3067 13 0 2 1
3068 13 2 2 1
3069 13 0 2 1
3070 13 0 2 1
3071 14 0 2 1
3072 7 3 4 0
3073 7 0 4 1
3074 7 0 4 1
3075 8 0 3 0
3076 7 0 4 1
3077 8 0 3 1
3078 8 0 3 1
3079 9 0 3 1
3080 7 0 4 1
3081 8 0 3 1
3082 8 0 3 1
3083 9 0 3 1
3084 8 0 3 0
3085 9 0 3 1
3086 9 0 3 1
3087 10 0 3 1
3088 7 2 4 0
3089 7 0 4 1
3090 7 0 4 1
3091 8 0 3 0
3092 10 2 3 0
3093 10 0 3 1
3094 10 0 3 1
3095 11 0 3 1
3096 10 2 3 0
3097 10 0 3 1
3098 10 0 3 1
3099 11 0 3 1
3100 11 2 3 0
3101 11 0 3 1
3102 11 0 3 1
3103 12 0 3 1
3104 7 2 4 0
3105 7 0 4 1
3106 7 0 4 1
3107 8 0 3 0
3108 7 0 4 1
3109 8 0 3 1
3110 8 0 3 1
3111 9 0 3 1
3112 7 0 4 1
3113 8 0 3 1
3114 8 0 3 1
3115 9 0 3 1
3116 8 0 3 0
3117 9 0 3 1
3118 9 0 3 1
3119 10 0 3 1
3120 8 2 4 0
3121 8 0 4 1
3122 8 0 4 1
3123 9 0 3 0
3124 10 2 3 0
3125 10 0 3 1
3126 10 0 3 1
3127 11 0 3 1
3128 10 2 3 0
3129 10 0 3 1
3130 10 0 3 1
3131 11 0 3 1
3132 11 2 3 0
3133 11 0 3 1
3134 11 0 3 1
3135 12 0 3 1
3136 7 3 4 0
3137 7 0 4 1
3138 7 0 4 1
3139 8 0 3 0
3140 7 0 4 1
3141 8 0 3 1
3142 8 0 3 1
3143 9 0 3 1
3144 7 0 4 1
3145 8 0 3 1
3146 8 0 3 1
3147 9 0 3 1
3148 8 0 3 0
3149 9 0 3 1
3150 9 0 3 1
3151 10 0 3 1
3152 7 2 4 0
3153 7 0 4 1
3154 7 0 4 1
3155 8 0 3 0
3156 10 2 3 0
3157 10 0 3 1
3158 10 0 3 1
3159 11 0 3 1
3160 10 2 3 0
3161 10 0 3 1
3162 10 0 3 1
3163 11 0 3 1
3164 11 2 3 0
3165 11 0 3 1
3166 11 0 3 1
3167 12 0 3 1
3168 7 2 4 0
3169 7 0 4 1
3170 7 0 4 1
3171 8 0 3 0
3172 7 0 4 1
3173 8 0 3 1
3174 8 0 3 1
3175 9 0 3 1
3176 7 0 4 1
3177 8 0 3 1
3178 8 0 3 1
3179 9 0 3 1
3180 8 0 3 0
3181 9 0 3 1
3182 9 0 3 1
3183 10 0 3 1
3184 8 2 4 0
3185 8 0 4 1
3186 8 0 4 1
3187 9 0 3 0
3188 10 2 3 0
3189 10 0 3 1
3190 10 0 3 1
3191 11 0 3 1
3192 10 2 3 0
3193 10 0 3 1
3194 10 0 3 1
3195 11 0 3 1
3196 11 2 3 0
3197 11 0 3 1
3198 11 0 3 1
3199 12 0 3 1
3200 7 3 4 0
3201 7 0 4 1
3202 7 0 4 1
3203 8 0 3 0
3204 7 0 4 1
3205 8 0 3 1
3206 8 0 3 1
3207 9 0 3 1
3208 7 0 4 1
3209 8 0 3 1
3210 8 0 3 1
3211 9 0 3 1
3212 8 0 3 0
3213 9 0 3 1
3214 9 0 3 1
3215 10 0 3 1
3216 7 2 4 0
3217 7 0 4 1
3218 7 0 4 1
3219 8 0 3 0
3220 10 2 3 0
3221 10 0 3 1
3222 10 0 3 1
3223 11 0 3 1
3224 10 2 3 0
3225 10 0 3 1
3226 10 0 3 1
3227 11 0 3 1
3228 11 2 3 0
3229 11 0 3 1
3230 11 0 3 1
3231 12 0 3 1
3232 7 2 4 0
3233 7 0 4 1
3234 7 0 4 1
3235 8 0 3 0
3236 7 0 4 1
3237 8 0 3 1
3238 8 0 3 1
3239 9 0 3 1
3240 7 0 4 1
3241 8 0 3 1
3242 8 0 3 1
3243 9 0 3 1
3244 8 0 3 0
3245 9 0 3 1
3246 9 0 3 1
3247 10 0 3 1
3248 8 2 4 0
3249 8 0 4 1
3250 8 0 4 1
3251 9 0 3 0
3252 10 2 3 0
3253 10 0 3 1
3254 10 0 3 1
3255 11 0 3 1
3256 10 2 3 0
3257 10 0 3 1
3258 10 0 3 1
3259 11 0 3 1
3260 11 2 3 0
3261 11 0 3 1
3262 11 0 3 1
3263 12 0 3 1
3264 8 3 3 0
3265 8 0 3 1
3266 8 0 3 1
3267 9 0 2 0
3268 8 0 3 1
3269 9 0 2 1
3270 9 0 2 1
3271 10 0 2 1
3272 8 0 3 1
3273 9 0 2 1
3274 9 0 2 1
3275 10 0 2 1
3276 9 0 2 0
3277 10 0 2 1
3278 10 0 2 1
3279 11 0 2 1
3280 8 2 3 0
3281 8 0 3 1
3282 8 0 3 1
3283 9 0 2 0
3284 11 2 2 0
3285 11 0 2 1
3286 11 0 2 1
3287 12 0 2 1
3288 11 2 2 0
3289 11 0 2 1
3290 11 0 2 1
3291 12 0 2 1
3292 12 2 2 0
3293 12 0 2 1
3294 12 0 2 1
3295 13 0 2 1
3296 8 2 3 0
3297 8 0 3 1
3298 8 0 3 1
3299 9 0 2 0
3300 8 0 3 1
3301 9 0 2 1
3302 9 0 2 1
3303 10 0 2 1
3304 8 0 3 1
3305 9 0 2 1
3306 9 0 2 1
3307 10 0 2 1
3308 9 0 2 0
3309 10 0 2 1
3310 10 0 2 1
3311 11 0 2 1
3312 9 2 3 0
3313 9 0 3 1
3314 9 0 3 1
3315 10 0 2 0
3316 11 2 2 0
3317 11 0 2 1
3318 11 0 2 1
3319 12 0 2 1
3320 11 2 2 0
3321 11 0 2 1
3322 11 0 2 1
3323 12 0 2 1
3324 12 2 2 0
3325 12 0 2 1
3326 12 0 2 1
3327 13 0 2 1
3328 9 3 3 0
3329 9 0 3 1
3330 9 0 3 1
3331 10 0 2 0
3332 9 0 3 1
3333 10 0 2 1
3334 10 0 2 1
3335 11 0 2 1
3336 9 0 3 1
3337 10 0 2 1
3338 10 0 2 1
3339 11 0 2 1
3340 10 0 2 0
3341 11 0 2 1
3342 11 0 2 1
3343 12 0 2 1
3344 9 2 3 0
3345 9 0 3 1
3346 9 0 3 1
3347 10 0 2 0
3348 12 2 2 0
3349 12 0 2 1
3350 12 0 2 1
3351 13 0 2 1
3352 12 2 2 0
3353 12 0 2 1
3354 12 0 2 1
3355 13 0 2 1
3356 13 2 2 0
3357 13 0 2 1
3358 13 0 2 1
3359 14 0 2 1
3360 9 2 3 0
3361 9 0 3 1
3362 9 0 3 1
3363 10 0 2 0
3364 9 0 3 1
3365 10 0 2 1
3366 10 0 2 1
3367 11 0 2 1
3368 9 0 3 1
3369 10 0 2 1
3370 10 0 2 1
3371 11 0 2 1
3372 10 0 2 0
3373 11 0 2 1
3374 11 0 2 1
3375 12 0 2 1
3376 10 2 3 0
3377 10 0 3 1
3378 10 0 3 1
3379 11 0 2 0
3380 12 2 2 0
3381 12 0 2 1
3382 12 0 2 1
3383 13 0 2 1
3384 12 2 2 0
3385 12 0 2 1
3386 12 0 2 1
3387 13 0 2 1
3388 13 2 2 0
3389 13 0 2 1
3390 13 0 2 1
3391 14 0 2 1
3392 9 3 3 0
3393 9 0 3 1
3394 9 0 3 1
3395 10 0 2 0
3396 9 0 3 1
3397 10 0 2 1
3398 10 0 2 1
3399 11 0 2 1
3400 9 0 3 1
3401 10 0 2 1
3402 10 0 2 1
3403 11 0 2 1
3404 10 0 2 0
3405 11 0 2 1
3406 11 0 2 1
3407 12 0 2 1
3408 9 2 3 0
3409 9 0 3 1
3410 9 0 3 1
3411 10 0 2 0
3412 12 2 2 0
3413 12 0 2 1
3414 12 0 2 1
3415 13 0 2 1
3416 12 2 2 0
3417 12 0 2 1
3418 12 0 2 1
3419 13 0 2 1
3420 13 2 2 0
3421 13 0 2 1
3422 13 0 2 1
3423 14 0 2 1
3424 9 2 3 0
3425 9 0 3 1
3426 9 0 3 1
3427 10 0 2 0
3428 9 0 3 1
3429 10 0 2 1
3430 10 0 2 1
3431 11 0 2 1
3432 9 0 3 1
3433 10 0 2 1
3434 10 0 2 1
3435 11 0 2 1
3436 10 0 2 0
3437 11 0 2 1
3438 11 0 2 1
3439 12 0 2 1
3440 10 2 3 0
3441 10 0 3 1
3442 10 0 3 1
3443 11 0 2 0
3444 12 2 2 0
3445 12 0 2 1
3446 12 0 2 1
3447 13 0 2 1
3448 12 2 2 0
3449 12 0 2 1
3450 12 0 2 1
3451 13 0 2 1
3452 13 2 2 0
3453 13 0 2 1
3454 13 0 2 1
3455 14 0 2 1
3456 9 3 3 0
3457 9 0 3 1
3458 9 0 3 1
3459 10 0 2 0
3460 9 0 3 1
3461 10 0 2 1
3462 10 0 2 1
3463 11 0 2 1
3464 9 0 3 1
3465 10 0 2 1
3466 10 0 2 1
3467 11 0 2 1
3468 10 0 2 0
3469 11 0 2 1
3470 11 0 2 1
3471 12 0 2 1
3472 9 2 3 0
3473 9 0 3 1
3474 9 0 3 1
3475 10 0 2 0
3476 12 2 2 0
3477 12 0 2 1
3478 12 0 2 1
3479 13 0 2 1
3480 12 2 2 0
3481 12 0 2 1
3482 12 0 2 1
3483 13 0 2 1
3484 13 2 2 0
3485 13 0 2 1
3486 13 0 2 1
3487 14 0 2 1
3488 9 2 3 0
3489 9 0 3 1
3490 9 0 3 1
3491 10 0 2 0
3492 9 0 3 1
3493 10 0 2 1
3494 10 0 2 1
3495 11 0 2 1
3496 9 0 3 1
3497 10 0 2 1
3498 10 0 2 1
3499 11 0 2 1
3500 10 0 2 0
3501 11 0 2 1
3502 11 0 2 1
3503 12 0 2 1
3504 10 2 3 0
3505 10 0 3 1
3506 10 0 3 1
3507 11 0 2 0
3508 12 2 2 0
3509 12 0 2 1
3510 12 0 2 1
3511 13 0 2 1
3512 12 2 2 0
3513 12 0 2 1
3514 12 0 2 1
3515 13 0 2 1
3516 13 2 2 0
3517 13 0 2 1
3518 13 0 2 1
3519 14 0 2 1
3520 10 3 3 1
3521 10 0 3 2
3522 10 0 3 2
3523 11 0 2 1
3524 10 0 3 2
3525 11 0 2 1
3526 11 0 2 1
3527 12 0 2 1
3528 10 0 3 2
3529 11 0 2 1
3530 11 0 2 1
3531 12 0 2 1
3532 11 0 2 1
3533 12 0 2 1
3534 12 0 2 1
3535 13 0 2 1
3536 10 2 3 1
3537 10 0 3 2
3538 10 0 3 2
3539 11 0 2 1
3540 13 2 2 1
3541 13 0 2 1
3542 13 0 2 1
3543 14 0 2 1
3544 13 2 2 1
3545 13 0 2 1
3546 13 0 2 1
3547 14 0 2 1
3548 14 2 2 1
3549 14 0 2 1
3550 14 0 2 1
3551 15 0 2 1
3552 10 2 3 1
3553 10 0 3 2
3554 10 0 3 2
3555 11 0 2 1
3556 10 0 3 2
3557 11 0 2 1
3558 11 0 2 1
3559 12 0 2 1
3560 10 0 3 2
3561 11 0 2 1
3562 11 0 2 1
3563 12 0 2 1
3564 11 0 2 1
3565 12 0 2 1
3566 12 0 2 1
3567 13 0 2 1
3568 11 2 3 1
3569 11 0 3 2
3570 11 0 3 2
3571 12 0 2 1
3572 13 2 2 1
3573 13 0 2 1
3574 13 0 2 1
3575 14 0 2 1
3576 13 2 2 1
3577 13 0 2 1
3578 13 0 2 1
3579 14 0 2 1
3580 14 2 2 1
3581 14 0 2 1
3582 14 0 2 1
3583 15 0 2 1
3584 9 3 3 0
3585 9 0 3 1
3586 9 0 3 1
3587 10 0 2 0
3588 9 0 3 1
3589 10 0 2 1
3590 10 0 2 1
3591 11 0 2 1
3592 9 0 3 1
3593 10 0 2 1
3594 10 0 2 1
3595 11 0 2 1
3596 10 0 2 0
3597 11 0 2 1
3598 11 0 2 1
3599 12 0 2 1
3600 9 2 3 0
3601 9 0 3 1
3602 9 0 3 1
3603 10 0 2 0
3604 12 2 2 0
3605 12 0 2 1
3606 12 0 2 1
3607 13 0 2 1
3608 12 2 2 0
3609 12 0 2 1
3610 12 0 2 1
3611 13 0 2 1
3612 13 2 2 0
3613 13 0 2 1
3614 13 0 2 1
3615 14 0 2 1
3616 9 2 3 0
3617 9 0 3 1
3618 9 0 3 1
3619 10 0 2 0
3620 9 0 3 1
3621 10 0 2 1
3622 10 0 2 1
3623 11 0 2 1
3624 9 0 3 1
3625 10 0 2 1
3626 10 0 2 1
3627 11 0 2 1
3628 10 0 2 0
3629 11 0 2 1
3630 11 0 2 1
3631 12 0 2 1
3632 10 2 3 0
3633 10 0 3 1
3634 10 0 3 1
3635 11 0 2 0
3636 12 2 2 0
3637 12 0 2 1
3638 12 0 2 1
3639 13 0 2 1
3640 12 2 2 0
3641 12 0 2 1
3642 12 0 2 1
3643 13 0 2 1
3644 13 2 2 0
3645 13 0 2 1
3646 13 0 2 1
3647 14 0 2 1
3648 9 3 3 0
3649 9 0 3 1
3650 9 0 3 1
3651 10 0 2 0
3652 9 0 3 1
3653 10 0 2 1
3654 10 0 2 1
3655 11 0 2 1
3656 9 0 3 1
3657 10 0 2 1
3658 10 0 2 1
3659 11 0 2 1
3660 10 0 2 0
3661 11 0 2 1
3662 11 0 2 1
3663 12 0 2 1
3664 9 2 3 0
3665 9 0 3 1
3666 9 0 3 1
3667 10 0 2 0
3668 12 2 2 0
3669 12 0 2 1
3670 12 0 2 1
3671 13 0 2 1
3672 12 2 2 0
3673 12 0 2 1
3674 12 0 2 1
3675 13 0 2 1
3676 13 2 2 0
3677 13 0 2 1
3678 13 0 2 1
3679 14 0 2 1
3680 9 2 3 0
3681 9 0 3 1
3682 9 0 3 1
3683 10 0 2 0
3684 9 0 3 1
3685 10 0 2 1
3686 10 0 2 1
3687 11 0 2 1
3688 9 0 3 1
3689 10 0 2 1
3690 10 0 2 1
3691 11 0 2 1
3692 10 0 2 0
3693 11 0 2 1
3694 11 0 2 1
3695 12 0 2 1
3696 10 2 3 0
3697 10 0 3 1
3698 10 0 3 1
3699 11 0 2 0
3700 12 2 2 0
3701 12 0 2 1
3702 12 0 2 1
3703 13 0 2 1
3704 12 2 2 0
3705 12 0 2 1
3706 12 0 2 1
3707 13 0 2 1
3708 13 2 2 0
3709 13 0 2 1
3710 13 0 2 1
3711 14 0 2 1
3712 9 3 3 0
3713 9 0 3 1
3714 9 0 3 1
3715 10 0 2 0
3716 9 0 3 1
3717 10 0 2 1
3718 10 0 2 1
3719 11 0 2 1
3720 9 0 3 1
3721 10 0 2 1
3722 10 0 2 1
3723 11 0 2 1
3724 10 0 2 0
3725 11 0 2 1
3726 11 0 2 1
3727 12 0 2 1
3728 9 2 3 0
3729 9 0 3 1
3730 9 0 3 1
3731 10 0 2 0
3732 12 2 2 0
3733 12 0 2 1
3734 12 0 2 1
3735 13 0 2 1
3736 12 2 2 0
3737 12 0 2 1
3738 12 0 2 1
3739 13 0 2 1
3740 13 2 2 0
3741 13 0 2 1
3742 13 0 2 1
3743 14 0 2 1
3744 9 2 3 0
3745 9 0 3 1
3746 9 0 3 1
3747 10 0 2 0
3748 9 0 3 1
3749 10 0 2 1
3750 10 0 2 1
3751 11 0 2 1
3752 9 0 3 1
3753 10 0 2 1
3754 10 0 2 1
3755 11 0 2 1
3756 10 0 2 0
3757 11 0 2 1
3758 11 0 2 1
3759 12 0 2 1
3760 10 2 3 0
3761 10 0 3 1
3762 10 0 3 1
3763 11 0 2 0
3764 12 2 2 0
3765 12 0 2 1
3766 12 0 2 1
3767 13 0 2 1
3768 12 2 2 0
3769 12 0 2 1
3770 12 0 2 1
3771 13 0 2 1
3772 13 2 2 0
3773 13 0 2 1
3774 13 0 2 1
3775 14 0 2 1
3776 10 3 3 1
3777 10 0 3 2
3778 10 0 3 2
3779 11 0 2 1
3780 10 0 3 2
3781 11 0 2 1
3782 11 0 2 1
3783 12 0 2 1
3784 10 0 3 2
3785 11 0 2 1
3786 11 0 2 1
3787 12 0 2 1
3788 11 0 2 1
3789 12 0 2 1
3790 12 0 2 1
3791 13 0 2 1
3792 10 2 3 1
3793 10 0 3 2
3794 10 0 3 2
3795 11 0 2 1
3796 13 2 2 1
3797 13 0 2 1
3798 13 0 2 1
3799 14 0 2 1
3800 13 2 2 1
3801 13 0 2 1
3802 13 0 2 1
3803 14 0 2 1
3804 14 2 2 1
3805 14 0 2 1
3806 14 0 2 1
3807 15 0 2 1
3808 10 2 3 1
3809 10 0 3 2
3810 10 0 3 2
3811 11 0 2 1
3812 10 0 3 2
3813 11 0 2 1
3814 11 0 2 1
3815 12 0 2 1
3816 10 0 3 2
3817 11 0 2 1
3818 11 0 2 1
3819 12 0 2 1
3820 11 0 2 1
3821 12 0 2 1
3822 12 0 2 1
3823 13 0 2 1
3824 11 2 3 1
3825 11 0 3 2
3826 11 0 3 2
3827 12 0 2 1
3828 13 2 2 1
3829 13 0 2 1
3830 13 0 2 1
3831 14 0 2 1
3832 13 2 2 1
3833 13 0 2 1
3834 13 0 2 1
3835 14 0 2 1
3836 14 2 2 1
3837 14 0 2 1
3838 14 0 2 1
3839 15 0 2 1
3840 10 3 3 0
3841 10 0 3 1
3842 10 0 3 1
3843 11 0 2 0
3844 10 0 3 1
3845 11 0 2 1
3846 11 0 2 1
3847 12 0 2 1
3848 10 0 3 1
3849 11 0 2 1
3850 11 0 2 1
3851 12 0 2 1
3852 11 0 2 0
3853 12 0 2 1
3854 12 0 2 1
3855 13 0 2 1
3856 10 2 3 0
3857 10 0 3 1
3858 10 0 3 1
3859 11 0 2 0
3860 13 2 2 0
3861 13 0 2 1
3862 13 0 2 1
3863 14 0 2 1
3864 13 2 2 0
3865 13 0 2 1
3866 13 0 2 1
3867 14 0 2 1
3868 14 2 2 0
3869 14 0 2 1
3870 14 0 2 1
3871 15 0 2 1
3872 10 2 3 0
3873 10 0 3 1
3874 10 0 3 1
3875 11 0 2 0
3876 10 0 3 1
3877 11 0 2 1
3878 11 0 2 1
3879 12 0 2 1
3880 10 0 3 1
3881 11 0 2 1
3882 11 0 2 1
3883 12 0 2 1
3884 11 0 2 0
3885 12 0 2 1
3886 12 0 2 1
3887 13 0 2 1
3888 11 2 3 0
3889 11 0 3 1
3890 11 0 3 1
3891 12 0 2 0
3892 13 2 2 0
3893 13 0 2 1
3894 13 0 2 1
3895 14 0 2 1
3896 13 2 2 0
3897 13 0 2 1
3898 13 0 2 1
3899 14 0 2 1
3900 14 2 2 0
3901 14 0 2 1
3902 14 0 2 1
3903 15 0 2 1
3904 10 3 3 0
3905 10 0 3 1
3906 10 0 3 1
3907 11 0 2 0
3908 10 0 3 1
3909 11 0 2 1
3910 11 0 2 1
3911 12 0 2 1
3912 10 0 3 1
3913 11 0 2 1
3914 11 0 2 1
3915 12 0 2 1
3916 11 0 2 0
3917 12 0 2 1
3918 12 0 2 1
3919 13 0 2 1
3920 10 2 3 0
3921 10 0 3 1
3922 10 0 3 1
3923 11 0 2 0
3924 13 2 2 0
3925 13 0 2 1
3926 13 0 2 1
3927 14 0 2 1
3928 13 2 2 0
3929 13 0 2 1
3930 13 0 2 1
3931 14 0 2 1
3932 14 2 2 0
3933 14 0 2 1
3934 14 0 2 1
3935 15 0 2 1
3936 10 2 3 0
3937 10 0 3 1
3938 10 0 3 1
3939 11 0 2 0
3940 10 0 3 1
3941 11 0 2 1
3942 11 0 2 1
3943 12 0 2 1
3944 10 0 3 1
3945 11 0 2 1
3946 11 0 2 1
3947 12 0 2 1
3948 11 0 2 0
3949 12 0 2 1
3950 12 0 2 1
3951 13 0 2 1
3952 11 2 3 0
3953 11 0 3 1
3954 11 0 3 1
3955 12 0 2 0
3956 13 2 2 0
3957 13 0 2 1
3958 13 0 2 1
3959 14 0 2 1
3960 13 2 2 0
3961 13 0 2 1
3962 13 0 2 1
3963 14 0 2 1
3964 14 2 2 0
3965 14 0 2 1
3966 14 0 2 1
3967 15 0 2 1
3968 10 3 3 0
3969 10 0 3 1
3970 10 0 3 1
3971 11 0 2 0
3972 10 0 3 1
3973 11 0 2 1
3974 11 0 2 1
3975 12 0 2 1
3976 10 0 3 1
3977 11 0 2 1
3978 11 0 2 1
3979 12 0 2 1
3980 11 0 2 0
3981 12 0 2 1
3982 12 0 2 1
3983 13 0 2 1
3984 10 2 3 0
3985 10 0 3 1
3986 10 0 3 1
3987 11 0 2 0
3988 13 2 2 0
3989 13 0 2 1
3990 13 0 2 1
3991 14 0 2 1
3992 13 2 2 0
3993 13 0 2 1
3994 13 0 2 1
3995 14 0 2 1
3996 14 2 2 0
3997 14 0 2 1
3998 14 0 2 1
3999 15 0 2 1
4000 10 2 3 0
4001 10 0 3 1
4002 10 0 3 1
4003 11 0 2 0
4004 10 0 3 1
4005 11 0 2 1
4006 11 0 2 1
4007 12 0 2 1
4008 10 0 3 1
4009 11 0 2 1
4010 11 0 2 1
4011 12 0 2 1
4012 11 0 2 0
4013 12 0 2 1
4014 12 0 2 1
4015 13 0 2 1
4016 11 2 3 0
4017 11 0 3 1
4018 11 0 3 1
4019 12 0 2 0
4020 13 2 2 0
4021 13 0 2 1
4022 13 0 2 1
4023 14 0 2 1
4024 13 2 2 0
4025 13 0 2 1
4026 13 0 2 1
4027 14 0 2 1
4028 14 2 2 0
4029 14 0 2 1
4030 14 0 2 1
4031 15 0 2 1
4032 11 3 3 1
4033 11 0 3 2
4034 11 0 3 2
4035 12 0 2 1
4036 11 0 3 2
4037 12 0 2 1
4038 12 0 2 1
4039 13 0 2 1
4040 11 0 3 2
4041 12 0 2 1
4042 12 0 2 1
4043 13 0 2 1
4044 12 0 2 1
4045 13 0 2 1
4046 13 0 2 1
4047 14 0 2 1
4048 11 2 3 1
4049 11 0 3 2
4050 11 0 3 2
4051 12 0 2 1
4052 14 2 2 1
4053 14 0 2 1
4054 14 0 2 1
4055 15 0 2 1
4056 14 2 2 1
4057 14 0 2 1
4058 14 0 2 1
4059 15 0 2 1
4060 15 2 2 1
4061 15 0 2 1
4062 15 0 2 1
4063 16 0 2 1
4064 11 2 3 1
4065 11 0 3 2
4066 11 0 3 2
4067 12 0 2 1
4068 11 0 3 2
4069 12 0 2 1
4070 12 0 2 1
4071 13 0 2 1
4072 11 0 3 2
4073 12 0 2 1
4074 12 0 2 1
4075 13 0 2 1
4076 12 0 2 1
4077 13 0 2 1
4078 13 0 2 1
4079 14 0 2 1
4080 12 2 3 1
4081 12 0 3 2
4082 12 0 3 2
4083 13 0 2 1
4084 14 2 2 1
4085 14 0 2 1
4086 14 0 2 1
4087 15 0 2 1
4088 14 2 2 1
4089 14 0 2 1
4090 14 0 2 1
4091 15 0 2 1
4092 15 2 2 1
4093 15 0 2 1
4094 15 0 2 1
4095 16 0 2 1
