Program s-T1 s-T2 a-T1 a-T2 s-M1 a-M1 s-M2 a-M2 s-M3 a-M3 s-M4 a-M4 s-M5 a-M5 s-M6 a-M6
0 4 4 4 4 4 4 4 
1 4 4 4 4 4 4 4 
2 4 4 4 4 4 4 4 
3 3 3 3 3 3 3 3 
4 4 4 4 4 4 4 4 
5 3 3 3 3 3 3 3 
6 3 3 3 3 3 3 3 
7 3 2 2 2 2 2 2 
8 4 4 4 4 4 4 4 
9 3 3 3 3 3 3 3 
10 3 3 3 3 3 3 3 
11 3 2 2 2 2 2 2 
12 3 3 3 3 3 3 3 
13 3 3 3 3 3 3 3 
14 3 3 3 3 3 3 3 
15 3 2 2 2 2 2 2 
16 4 4 4 4 4 4 4 
17 4 4 4 4 4 4 4 
18 4 4 4 4 4 4 4 
19 3 3 3 3 3 3 3 
20 3 3 3 3 3 3 3 
21 3 3 3 3 3 3 3 
22 3 3 3 3 3 3 3 
23 3 2 2 2 2 2 2 
24 3 3 3 3 3 3 3 
25 3 3 3 3 3 3 3 
26 3 3 3 3 3 3 3 
27 3 2 2 2 2 2 2 
28 3 3 3 3 3 3 3 
29 3 3 3 3 3 3 3 
30 3 3 3 3 3 3 3 
31 3 2 2 2 2 2 2 
32 4 4 4 4 4 4 4 
33 4 4 4 4 4 4 4 
34 4 4 4 4 4 4 4 
35 3 3 3 3 3 3 3 
36 4 4 4 4 4 4 4 
37 3 3 3 3 3 3 3 
38 3 3 3 3 3 3 3 
39 3 2 2 2 2 2 2 
40 4 4 4 4 4 4 4 
41 3 3 3 3 3 3 3 
42 3 3 3 3 3 3 3 
43 3 2 2 2 2 2 2 
44 3 3 3 3 3 3 3 
45 3 3 3 3 3 3 3 
46 3 3 3 3 3 3 3 
47 3 2 2 2 2 2 2 
48 4 4 4 4 4 4 4 
49 4 4 4 4 4 4 4 
50 4 4 4 4 4 4 4 
51 3 3 3 3 3 3 3 
52 3 3 3 3 3 3 3 
53 3 3 3 3 3 3 3 
54 3 3 3 3 3 3 3 
55 3 2 2 2 2 2 2 
56 3 3 3 3 3 3 3 
57 3 3 3 3 3 3 3 
58 3 3 3 3 3 3 3 
59 3 2 2 2 2 2 2 
60 3 3 3 3 3 3 3 
61 3 3 3 3 3 3 3 
62 3 3 3 3 3 3 3 
63 3 2 2 2 2 2 2 
64 4 4 4 4 4 4 4 
65 4 3 3 3 3 3 3 
66 4 3 3 3 3 3 3 
67 3 2 2 2 3 3 3 
68 4 3 3 3 3 3 3 
69 3 2 2 2 2 2 2 
70 3 2 2 2 2 2 2 
71 3 1 1 1 2 2 2 
72 4 3 3 3 3 3 3 
73 3 2 2 2 2 2 2 
74 3 2 2 2 2 2 2 
75 3 1 1 1 2 2 2 
76 3 2 3 3 3 3 3 
77 3 2 2 2 2 2 2 
78 3 2 2 2 2 2 2 
79 3 1 1 1 2 2 2 
80 4 3 3 3 4 4 4 
81 4 3 3 3 3 3 3 
82 4 3 3 3 3 3 3 
83 3 2 2 2 3 3 3 
84 3 2 2 2 3 3 3 
85 3 2 2 2 2 2 2 
86 3 2 2 2 2 2 2 
87 3 1 1 1 2 2 2 
88 3 2 2 2 3 3 3 
89 3 2 2 2 2 2 2 
90 3 2 2 2 2 2 2 
91 3 1 1 1 2 2 2 
92 3 2 2 2 3 3 3 
93 3 2 2 2 2 2 2 
94 3 2 2 2 2 2 2 
95 3 1 1 1 2 2 2 
96 4 3 4 4 4 4 4 
97 4 3 3 3 3 3 3 
98 4 3 3 3 3 3 3 
99 3 2 2 2 3 3 3 
100 4 3 3 3 3 3 3 
101 3 2 2 2 2 2 2 
102 3 2 2 2 2 2 2 
103 3 1 1 1 2 2 2 
104 4 3 3 3 3 3 3 
105 3 2 2 2 2 2 2 
106 3 2 2 2 2 2 2 
107 3 1 1 1 2 2 2 
108 3 2 3 3 3 3 3 
109 3 2 2 2 2 2 2 
110 3 2 2 2 2 2 2 
111 3 1 1 1 2 2 2 
112 4 3 3 3 4 4 4 
113 4 3 3 3 3 3 3 
114 4 3 3 3 3 3 3 
115 3 2 2 2 3 3 3 
116 3 2 2 2 3 3 3 
117 3 2 2 2 2 2 2 
118 3 2 2 2 2 2 2 
119 3 1 1 1 2 2 2 
120 3 2 2 2 3 3 3 
121 3 2 2 2 2 2 2 
122 3 2 2 2 2 2 2 
123 3 1 1 1 2 2 2 
124 3 2 2 2 3 3 3 
125 3 2 2 2 2 2 2 
126 3 2 2 2 2 2 2 
127 3 1 1 1 2 2 2 
128 4 4 4 4 4 4 4 
129 4 3 3 3 3 3 3 
130 4 3 3 3 3 3 3 
131 3 2 2 2 3 3 3 
132 4 3 3 3 3 3 3 
133 3 2 2 2 2 2 2 
134 3 2 2 2 2 2 2 
135 3 1 1 1 2 2 2 
136 4 3 3 3 3 3 3 
137 3 2 2 2 2 2 2 
138 3 2 2 2 2 2 2 
139 3 1 1 1 2 2 2 
140 3 2 3 3 3 3 3 
141 3 2 2 2 2 2 2 
142 3 2 2 2 2 2 2 
143 3 1 1 1 2 2 2 
144 4 3 3 3 4 4 4 
145 4 3 3 3 3 3 3 
146 4 3 3 3 3 3 3 
147 3 2 2 2 3 3 3 
148 3 2 2 2 3 3 3 
149 3 2 2 2 2 2 2 
150 3 2 2 2 2 2 2 
151 3 1 1 1 2 2 2 
152 3 2 2 2 3 3 3 
153 3 2 2 2 2 2 2 
154 3 2 2 2 2 2 2 
155 3 1 1 1 2 2 2 
156 3 2 2 2 3 3 3 
157 3 2 2 2 2 2 2 
158 3 2 2 2 2 2 2 
159 3 1 1 1 2 2 2 
160 4 3 4 4 4 4 4 
161 4 3 3 3 3 3 3 
162 4 3 3 3 3 3 3 
163 3 2 2 2 3 3 3 
164 4 3 3 3 3 3 3 
165 3 2 2 2 2 2 2 
166 3 2 2 2 2 2 2 
167 3 1 1 1 2 2 2 
168 4 3 3 3 3 3 3 
169 3 2 2 2 2 2 2 
170 3 2 2 2 2 2 2 
171 3 1 1 1 2 2 2 
172 3 2 3 3 3 3 3 
173 3 2 2 2 2 2 2 
174 3 2 2 2 2 2 2 
175 3 1 1 1 2 2 2 
176 4 3 3 3 4 4 4 
177 4 3 3 3 3 3 3 
178 4 3 3 3 3 3 3 
179 3 2 2 2 3 3 3 
180 3 2 2 2 3 3 3 
181 3 2 2 2 2 2 2 
182 3 2 2 2 2 2 2 
183 3 1 1 1 2 2 2 
184 3 2 2 2 3 3 3 
185 3 2 2 2 2 2 2 
186 3 2 2 2 2 2 2 
187 3 1 1 1 2 2 2 
188 3 2 2 2 3 3 3 
189 3 2 2 2 2 2 2 
190 3 2 2 2 2 2 2 
191 3 1 1 1 2 2 2 
192 3 3 3 3 3 3 3 
193 3 3 3 3 2 2 2 
194 3 3 3 3 2 2 2 
195 2 2 2 2 2 2 2 
196 3 3 2 2 2 2 2 
197 2 2 2 2 1 1 1 
198 2 2 2 2 1 1 1 
199 2 1 1 1 1 1 1 
200 3 3 2 2 2 2 2 
201 2 2 2 2 1 1 1 
202 2 2 2 2 1 1 1 
203 2 1 1 1 1 1 1 
204 2 2 2 2 2 2 2 
205 2 2 2 2 1 1 1 
206 2 2 2 2 1 1 1 
207 2 1 1 1 1 1 1 
208 3 3 3 3 3 3 3 
209 3 3 3 3 2 2 2 
210 3 3 3 3 2 2 2 
211 2 2 2 2 2 2 2 
212 2 2 2 2 2 2 2 
213 2 2 2 2 1 1 1 
214 2 2 2 2 1 1 1 
215 2 1 1 1 1 1 1 
216 2 2 2 2 2 2 2 
217 2 2 2 2 1 1 1 
218 2 2 2 2 1 1 1 
219 2 1 1 1 1 1 1 
220 2 2 2 2 2 2 2 
221 2 2 2 2 1 1 1 
222 2 2 2 2 1 1 1 
223 2 1 1 1 1 1 1 
224 3 3 3 3 3 3 3 
225 3 3 3 3 2 2 2 
226 3 3 3 3 2 2 2 
227 2 2 2 2 2 2 2 
228 3 3 2 2 2 2 2 
229 2 2 2 2 1 1 1 
230 2 2 2 2 1 1 1 
231 2 1 1 1 1 1 1 
232 3 3 2 2 2 2 2 
233 2 2 2 2 1 1 1 
234 2 2 2 2 1 1 1 
235 2 1 1 1 1 1 1 
236 2 2 2 2 2 2 2 
237 2 2 2 2 1 1 1 
238 2 2 2 2 1 1 1 
239 2 1 1 1 1 1 1 
240 3 3 3 3 3 3 3 
241 3 3 3 3 2 2 2 
242 3 3 3 3 2 2 2 
243 2 2 2 2 2 2 2 
244 2 2 2 2 2 2 2 
245 2 2 2 2 1 1 1 
246 2 2 2 2 1 1 1 
247 2 1 1 1 1 1 1 
248 2 2 2 2 2 2 2 
249 2 2 2 2 1 1 1 
250 2 2 2 2 1 1 1 
251 2 1 1 1 1 1 1 
252 2 2 2 2 2 2 2 
253 2 2 2 2 1 1 1 
254 2 2 2 2 1 1 1 
255 2 1 1 1 1 1 1 
256 4 4 4 4 4 4 4 
257 4 3 3 3 3 3 3 
258 4 3 3 3 3 3 3 
259 3 2 2 2 3 2 2 
260 4 3 3 3 3 3 3 
261 3 2 2 2 2 2 2 
262 3 2 2 2 2 2 2 
263 3 1 1 1 2 1 1 
264 4 3 3 3 3 3 3 
265 3 2 2 2 2 2 2 
266 3 2 2 2 2 2 2 
267 3 1 1 1 2 1 1 
268 3 2 2 3 3 3 2 
269 3 2 2 2 2 2 2 
270 3 2 2 2 2 2 2 
271 3 1 1 1 2 1 1 
272 4 3 3 3 4 3 3 
273 4 3 3 3 3 3 3 
274 4 3 3 3 3 3 3 
275 3 2 2 2 3 2 2 
276 3 2 2 2 3 2 2 
277 3 2 2 2 2 2 2 
278 3 2 2 2 2 2 2 
279 3 1 1 1 2 1 1 
280 3 2 2 2 3 2 2 
281 3 2 2 2 2 2 2 
282 3 2 2 2 2 2 2 
283 3 1 1 1 2 1 1 
284 3 2 2 2 3 2 2 
285 3 2 2 2 2 2 2 
286 3 2 2 2 2 2 2 
287 3 1 1 1 2 1 1 
288 4 3 3 4 4 4 3 
289 4 3 3 3 3 3 3 
290 4 3 3 3 3 3 3 
291 3 2 2 2 3 2 2 
292 4 3 3 3 3 3 3 
293 3 2 2 2 2 2 2 
294 3 2 2 2 2 2 2 
295 3 1 1 1 2 1 1 
296 4 3 3 3 3 3 3 
297 3 2 2 2 2 2 2 
298 3 2 2 2 2 2 2 
299 3 1 1 1 2 1 1 
300 3 2 2 3 3 3 2 
301 3 2 2 2 2 2 2 
302 3 2 2 2 2 2 2 
303 3 1 1 1 2 1 1 
304 4 3 3 3 4 3 3 
305 4 3 3 3 3 3 3 
306 4 3 3 3 3 3 3 
307 3 2 2 2 3 2 2 
308 3 2 2 2 3 2 2 
309 3 2 2 2 2 2 2 
310 3 2 2 2 2 2 2 
311 3 1 1 1 2 1 1 
312 3 2 2 2 3 2 2 
313 3 2 2 2 2 2 2 
314 3 2 2 2 2 2 2 
315 3 1 1 1 2 1 1 
316 3 2 2 2 3 2 2 
317 3 2 2 2 2 2 2 
318 3 2 2 2 2 2 2 
319 3 1 1 1 2 1 1 
320 3 3 3 3 3 3 3 
321 3 2 2 2 2 2 2 
322 3 2 2 2 2 2 2 
323 2 1 1 1 2 2 2 
324 3 2 2 2 2 2 2 
325 2 1 1 1 1 1 1 
326 2 1 1 1 1 1 1 
327 2 1 1 1 1 1 1 
328 3 2 2 2 2 2 2 
329 2 1 1 1 1 1 1 
330 2 1 1 1 1 1 1 
331 2 1 1 1 1 1 1 
332 2 1 2 2 2 2 2 
333 2 1 1 1 1 1 1 
334 2 1 1 1 1 1 1 
335 2 1 1 1 1 1 1 
336 3 2 2 2 3 3 3 
337 3 2 2 2 2 2 2 
338 3 2 2 2 2 2 2 
339 2 1 1 1 2 2 2 
340 2 1 1 1 2 2 2 
341 2 1 1 1 1 1 1 
342 2 1 1 1 1 1 1 
343 2 1 1 1 1 1 1 
344 2 1 1 1 2 2 2 
345 2 1 1 1 1 1 1 
346 2 1 1 1 1 1 1 
347 2 1 1 1 1 1 1 
348 2 1 1 1 2 2 2 
349 2 1 1 1 1 1 1 
350 2 1 1 1 1 1 1 
351 2 1 1 1 1 1 1 
352 3 2 3 3 3 3 3 
353 3 2 2 2 2 2 2 
354 3 2 2 2 2 2 2 
355 2 1 1 1 2 2 2 
356 3 2 2 2 2 2 2 
357 2 1 1 1 1 1 1 
358 2 1 1 1 1 1 1 
359 2 1 1 1 1 1 1 
360 3 2 2 2 2 2 2 
361 2 1 1 1 1 1 1 
362 2 1 1 1 1 1 1 
363 2 1 1 1 1 1 1 
364 2 1 2 2 2 2 2 
365 2 1 1 1 1 1 1 
366 2 1 1 1 1 1 1 
367 2 1 1 1 1 1 1 
368 3 2 2 2 3 3 3 
369 3 2 2 2 2 2 2 
370 3 2 2 2 2 2 2 
371 2 1 1 1 2 2 2 
372 2 1 1 1 2 2 2 
373 2 1 1 1 1 1 1 
374 2 1 1 1 1 1 1 
375 2 1 1 1 1 1 1 
376 2 1 1 1 2 2 2 
377 2 1 1 1 1 1 1 
378 2 1 1 1 1 1 1 
379 2 1 1 1 1 1 1 
380 2 1 1 1 2 2 2 
381 2 1 1 1 1 1 1 
382 2 1 1 1 1 1 1 
383 2 1 1 1 1 1 1 
384 3 3 3 3 3 3 3 
385 3 2 2 2 2 2 2 
386 3 2 2 2 2 2 2 
387 2 1 1 1 2 2 2 
388 3 2 2 2 2 2 2 
389 2 1 1 1 1 1 1 
390 2 1 1 1 1 1 1 
391 2 1 1 1 1 1 1 
392 3 2 2 2 2 2 2 
393 2 1 1 1 1 1 1 
394 2 1 1 1 1 1 1 
395 2 1 1 1 1 1 1 
396 2 1 2 2 2 2 2 
397 2 1 1 1 1 1 1 
398 2 1 1 1 1 1 1 
399 2 1 1 1 1 1 1 
400 3 2 2 2 3 3 3 
401 3 2 2 2 2 2 2 
402 3 2 2 2 2 2 2 
403 2 1 1 1 2 2 2 
404 2 1 1 1 2 2 2 
405 2 1 1 1 1 1 1 
406 2 1 1 1 1 1 1 
407 2 1 1 1 1 1 1 
408 2 1 1 1 2 2 2 
409 2 1 1 1 1 1 1 
410 2 1 1 1 1 1 1 
411 2 1 1 1 1 1 1 
412 2 1 1 1 2 2 2 
413 2 1 1 1 1 1 1 
414 2 1 1 1 1 1 1 
415 2 1 1 1 1 1 1 
416 3 2 3 3 3 3 3 
417 3 2 2 2 2 2 2 
418 3 2 2 2 2 2 2 
419 2 1 1 1 2 2 2 
420 3 2 2 2 2 2 2 
421 2 1 1 1 1 1 1 
422 2 1 1 1 1 1 1 
423 2 1 1 1 1 1 1 
424 3 2 2 2 2 2 2 
425 2 1 1 1 1 1 1 
426 2 1 1 1 1 1 1 
427 2 1 1 1 1 1 1 
428 2 1 2 2 2 2 2 
429 2 1 1 1 1 1 1 
430 2 1 1 1 1 1 1 
431 2 1 1 1 1 1 1 
432 3 2 2 2 3 3 3 
433 3 2 2 2 2 2 2 
434 3 2 2 2 2 2 2 
435 2 1 1 1 2 2 2 
436 2 1 1 1 2 2 2 
437 2 1 1 1 1 1 1 
438 2 1 1 1 1 1 1 
439 2 1 1 1 1 1 1 
440 2 1 1 1 2 2 2 
441 2 1 1 1 1 1 1 
442 2 1 1 1 1 1 1 
443 2 1 1 1 1 1 1 
444 2 1 1 1 2 2 2 
445 2 1 1 1 1 1 1 
446 2 1 1 1 1 1 1 
447 2 1 1 1 1 1 1 
448 3 2 2 2 2 2 2 
449 3 2 2 2 1 1 1 
450 3 2 2 2 1 1 1 
451 2 1 1 1 1 1 1 
452 3 2 1 1 1 1 1 
453 2 1 1 1 1 1 1 
454 2 1 1 1 1 1 1 
455 2 1 1 1 1 1 1 
456 3 2 1 1 1 1 1 
457 2 1 1 1 1 1 1 
458 2 1 1 1 1 1 1 
459 2 1 1 1 1 1 1 
460 2 1 1 1 1 1 1 
461 2 1 1 1 1 1 1 
462 2 1 1 1 1 1 1 
463 2 1 1 1 1 1 1 
464 3 2 2 2 2 2 2 
465 3 2 2 2 1 1 1 
466 3 2 2 2 1 1 1 
467 2 1 1 1 1 1 1 
468 2 1 1 1 1 1 1 
469 2 1 1 1 1 1 1 
470 2 1 1 1 1 1 1 
471 2 1 1 1 1 1 1 
472 2 1 1 1 1 1 1 
473 2 1 1 1 1 1 1 
474 2 1 1 1 1 1 1 
475 2 1 1 1 1 1 1 
476 2 1 1 1 1 1 1 
477 2 1 1 1 1 1 1 
478 2 1 1 1 1 1 1 
479 2 1 1 1 1 1 1 
480 3 2 2 2 2 2 2 
481 3 2 2 2 1 1 1 
482 3 2 2 2 1 1 1 
483 2 1 1 1 1 1 1 
484 3 2 1 1 1 1 1 
485 2 1 1 1 1 1 1 
486 2 1 1 1 1 1 1 
487 2 1 1 1 1 1 1 
488 3 2 1 1 1 1 1 
489 2 1 1 1 1 1 1 
490 2 1 1 1 1 1 1 
491 2 1 1 1 1 1 1 
492 2 1 1 1 1 1 1 
493 2 1 1 1 1 1 1 
494 2 1 1 1 1 1 1 
495 2 1 1 1 1 1 1 
496 3 2 2 2 2 2 2 
497 3 2 2 2 1 1 1 
498 3 2 2 2 1 1 1 
499 2 1 1 1 1 1 1 
500 2 1 1 1 1 1 1 
501 2 1 1 1 1 1 1 
502 2 1 1 1 1 1 1 
503 2 1 1 1 1 1 1 
504 2 1 1 1 1 1 1 
505 2 1 1 1 1 1 1 
506 2 1 1 1 1 1 1 
507 2 1 1 1 1 1 1 
508 2 1 1 1 1 1 1 
509 2 1 1 1 1 1 1 
510 2 1 1 1 1 1 1 
511 2 1 1 1 1 1 1 
512 4 4 4 4 4 4 4 
513 4 3 3 3 3 3 3 
514 4 3 3 3 3 3 3 
515 3 2 2 2 3 2 2 
516 4 3 3 3 3 3 3 
517 3 2 2 2 2 2 2 
518 3 2 2 2 2 2 2 
519 3 1 1 1 2 1 1 
520 4 3 3 3 3 3 3 
521 3 2 2 2 2 2 2 
522 3 2 2 2 2 2 2 
523 3 1 1 1 2 1 1 
524 3 2 2 3 3 3 2 
525 3 2 2 2 2 2 2 
526 3 2 2 2 2 2 2 
527 3 1 1 1 2 1 1 
528 4 3 3 3 4 3 3 
529 4 3 3 3 3 3 3 
530 4 3 3 3 3 3 3 
531 3 2 2 2 3 2 2 
532 3 2 2 2 3 2 2 
533 3 2 2 2 2 2 2 
534 3 2 2 2 2 2 2 
535 3 1 1 1 2 1 1 
536 3 2 2 2 3 2 2 
537 3 2 2 2 2 2 2 
538 3 2 2 2 2 2 2 
539 3 1 1 1 2 1 1 
540 3 2 2 2 3 2 2 
541 3 2 2 2 2 2 2 
542 3 2 2 2 2 2 2 
543 3 1 1 1 2 1 1 
544 4 3 3 4 4 4 3 
545 4 3 3 3 3 3 3 
546 4 3 3 3 3 3 3 
547 3 2 2 2 3 2 2 
548 4 3 3 3 3 3 3 
549 3 2 2 2 2 2 2 
550 3 2 2 2 2 2 2 
551 3 1 1 1 2 1 1 
552 4 3 3 3 3 3 3 
553 3 2 2 2 2 2 2 
554 3 2 2 2 2 2 2 
555 3 1 1 1 2 1 1 
556 3 2 2 3 3 3 2 
557 3 2 2 2 2 2 2 
558 3 2 2 2 2 2 2 
559 3 1 1 1 2 1 1 
560 4 3 3 3 4 3 3 
561 4 3 3 3 3 3 3 
562 4 3 3 3 3 3 3 
563 3 2 2 2 3 2 2 
564 3 2 2 2 3 2 2 
565 3 2 2 2 2 2 2 
566 3 2 2 2 2 2 2 
567 3 1 1 1 2 1 1 
568 3 2 2 2 3 2 2 
569 3 2 2 2 2 2 2 
570 3 2 2 2 2 2 2 
571 3 1 1 1 2 1 1 
572 3 2 2 2 3 2 2 
573 3 2 2 2 2 2 2 
574 3 2 2 2 2 2 2 
575 3 1 1 1 2 1 1 
576 3 3 3 3 3 3 3 
577 3 2 2 2 2 2 2 
578 3 2 2 2 2 2 2 
579 2 1 1 1 2 2 2 
580 3 2 2 2 2 2 2 
581 2 1 1 1 1 1 1 
582 2 1 1 1 1 1 1 
583 2 1 1 1 1 1 1 
584 3 2 2 2 2 2 2 
585 2 1 1 1 1 1 1 
586 2 1 1 1 1 1 1 
587 2 1 1 1 1 1 1 
588 2 1 2 2 2 2 2 
589 2 1 1 1 1 1 1 
590 2 1 1 1 1 1 1 
591 2 1 1 1 1 1 1 
592 3 2 2 2 3 3 3 
593 3 2 2 2 2 2 2 
594 3 2 2 2 2 2 2 
595 2 1 1 1 2 2 2 
596 2 1 1 1 2 2 2 
597 2 1 1 1 1 1 1 
598 2 1 1 1 1 1 1 
599 2 1 1 1 1 1 1 
600 2 1 1 1 2 2 2 
601 2 1 1 1 1 1 1 
602 2 1 1 1 1 1 1 
603 2 1 1 1 1 1 1 
604 2 1 1 1 2 2 2 
605 2 1 1 1 1 1 1 
606 2 1 1 1 1 1 1 
607 2 1 1 1 1 1 1 
608 3 2 3 3 3 3 3 
609 3 2 2 2 2 2 2 
610 3 2 2 2 2 2 2 
611 2 1 1 1 2 2 2 
612 3 2 2 2 2 2 2 
613 2 1 1 1 1 1 1 
614 2 1 1 1 1 1 1 
615 2 1 1 1 1 1 1 
616 3 2 2 2 2 2 2 
617 2 1 1 1 1 1 1 
618 2 1 1 1 1 1 1 
619 2 1 1 1 1 1 1 
620 2 1 2 2 2 2 2 
621 2 1 1 1 1 1 1 
622 2 1 1 1 1 1 1 
623 2 1 1 1 1 1 1 
624 3 2 2 2 3 3 3 
625 3 2 2 2 2 2 2 
626 3 2 2 2 2 2 2 
627 2 1 1 1 2 2 2 
628 2 1 1 1 2 2 2 
629 2 1 1 1 1 1 1 
630 2 1 1 1 1 1 1 
631 2 1 1 1 1 1 1 
632 2 1 1 1 2 2 2 
633 2 1 1 1 1 1 1 
634 2 1 1 1 1 1 1 
635 2 1 1 1 1 1 1 
636 2 1 1 1 2 2 2 
637 2 1 1 1 1 1 1 
638 2 1 1 1 1 1 1 
639 2 1 1 1 1 1 1 
640 3 3 3 3 3 3 3 
641 3 2 2 2 2 2 2 
642 3 2 2 2 2 2 2 
643 2 1 1 1 2 2 2 
644 3 2 2 2 2 2 2 
645 2 1 1 1 1 1 1 
646 2 1 1 1 1 1 1 
647 2 1 1 1 1 1 1 
648 3 2 2 2 2 2 2 
649 2 1 1 1 1 1 1 
650 2 1 1 1 1 1 1 
651 2 1 1 1 1 1 1 
652 2 1 2 2 2 2 2 
653 2 1 1 1 1 1 1 
654 2 1 1 1 1 1 1 
655 2 1 1 1 1 1 1 
656 3 2 2 2 3 3 3 
657 3 2 2 2 2 2 2 
658 3 2 2 2 2 2 2 
659 2 1 1 1 2 2 2 
660 2 1 1 1 2 2 2 
661 2 1 1 1 1 1 1 
662 2 1 1 1 1 1 1 
663 2 1 1 1 1 1 1 
664 2 1 1 1 2 2 2 
665 2 1 1 1 1 1 1 
666 2 1 1 1 1 1 1 
667 2 1 1 1 1 1 1 
668 2 1 1 1 2 2 2 
669 2 1 1 1 1 1 1 
670 2 1 1 1 1 1 1 
671 2 1 1 1 1 1 1 
672 3 2 3 3 3 3 3 
673 3 2 2 2 2 2 2 
674 3 2 2 2 2 2 2 
675 2 1 1 1 2 2 2 
676 3 2 2 2 2 2 2 
677 2 1 1 1 1 1 1 
678 2 1 1 1 1 1 1 
679 2 1 1 1 1 1 1 
680 3 2 2 2 2 2 2 
681 2 1 1 1 1 1 1 
682 2 1 1 1 1 1 1 
683 2 1 1 1 1 1 1 
684 2 1 2 2 2 2 2 
685 2 1 1 1 1 1 1 
686 2 1 1 1 1 1 1 
687 2 1 1 1 1 1 1 
688 3 2 2 2 3 3 3 
689 3 2 2 2 2 2 2 
690 3 2 2 2 2 2 2 
691 2 1 1 1 2 2 2 
692 2 1 1 1 2 2 2 
693 2 1 1 1 1 1 1 
694 2 1 1 1 1 1 1 
695 2 1 1 1 1 1 1 
696 2 1 1 1 2 2 2 
697 2 1 1 1 1 1 1 
698 2 1 1 1 1 1 1 
699 2 1 1 1 1 1 1 
700 2 1 1 1 2 2 2 
701 2 1 1 1 1 1 1 
702 2 1 1 1 1 1 1 
703 2 1 1 1 1 1 1 
704 3 2 2 2 2 2 2 
705 3 2 2 2 1 1 1 
706 3 2 2 2 1 1 1 
707 2 1 1 1 1 1 1 
708 3 2 1 1 1 1 1 
709 2 1 1 1 1 1 1 
710 2 1 1 1 1 1 1 
711 2 1 1 1 1 1 1 
712 3 2 1 1 1 1 1 
713 2 1 1 1 1 1 1 
714 2 1 1 1 1 1 1 
715 2 1 1 1 1 1 1 
716 2 1 1 1 1 1 1 
717 2 1 1 1 1 1 1 
718 2 1 1 1 1 1 1 
719 2 1 1 1 1 1 1 
720 3 2 2 2 2 2 2 
721 3 2 2 2 1 1 1 
722 3 2 2 2 1 1 1 
723 2 1 1 1 1 1 1 
724 2 1 1 1 1 1 1 
725 2 1 1 1 1 1 1 
726 2 1 1 1 1 1 1 
727 2 1 1 1 1 1 1 
728 2 1 1 1 1 1 1 
729 2 1 1 1 1 1 1 
730 2 1 1 1 1 1 1 
731 2 1 1 1 1 1 1 
732 2 1 1 1 1 1 1 
733 2 1 1 1 1 1 1 
734 2 1 1 1 1 1 1 
735 2 1 1 1 1 1 1 
736 3 2 2 2 2 2 2 
737 3 2 2 2 1 1 1 
738 3 2 2 2 1 1 1 
739 2 1 1 1 1 1 1 
740 3 2 1 1 1 1 1 
741 2 1 1 1 1 1 1 
742 2 1 1 1 1 1 1 
743 2 1 1 1 1 1 1 
744 3 2 1 1 1 1 1 
745 2 1 1 1 1 1 1 
746 2 1 1 1 1 1 1 
747 2 1 1 1 1 1 1 
748 2 1 1 1 1 1 1 
749 2 1 1 1 1 1 1 
750 2 1 1 1 1 1 1 
751 2 1 1 1 1 1 1 
752 3 2 2 2 2 2 2 
753 3 2 2 2 1 1 1 
754 3 2 2 2 1 1 1 
755 2 1 1 1 1 1 1 
756 2 1 1 1 1 1 1 
757 2 1 1 1 1 1 1 
758 2 1 1 1 1 1 1 
759 2 1 1 1 1 1 1 
760 2 1 1 1 1 1 1 
761 2 1 1 1 1 1 1 
762 2 1 1 1 1 1 1 
763 2 1 1 1 1 1 1 
764 2 1 1 1 1 1 1 
765 2 1 1 1 1 1 1 
766 2 1 1 1 1 1 1 
767 2 1 1 1 1 1 1 
768 3 3 3 3 3 3 3 
769 3 3 3 3 2 3 3 
770 3 3 3 3 2 3 3 
771 2 2 2 2 2 2 2 
772 3 3 3 2 2 2 3 
773 2 2 2 2 1 2 2 
774 2 2 2 2 1 2 2 
775 2 1 1 1 1 1 1 
776 3 3 3 2 2 2 3 
777 2 2 2 2 1 2 2 
778 2 2 2 2 1 2 2 
779 2 1 1 1 1 1 1 
780 2 2 2 2 2 2 2 
781 2 2 2 2 1 2 2 
782 2 2 2 2 1 2 2 
783 2 1 1 1 1 1 1 
784 3 3 3 3 3 3 3 
785 3 3 3 3 2 3 3 
786 3 3 3 3 2 3 3 
787 2 2 2 2 2 2 2 
788 2 2 2 2 2 2 2 
789 2 2 2 2 1 2 2 
790 2 2 2 2 1 2 2 
791 2 1 1 1 1 1 1 
792 2 2 2 2 2 2 2 
793 2 2 2 2 1 2 2 
794 2 2 2 2 1 2 2 
795 2 1 1 1 1 1 1 
796 2 2 2 2 2 2 2 
797 2 2 2 2 1 2 2 
798 2 2 2 2 1 2 2 
799 2 1 1 1 1 1 1 
800 3 3 3 3 3 3 3 
801 3 3 3 3 2 3 3 
802 3 3 3 3 2 3 3 
803 2 2 2 2 2 2 2 
804 3 3 3 2 2 2 3 
805 2 2 2 2 1 2 2 
806 2 2 2 2 1 2 2 
807 2 1 1 1 1 1 1 
808 3 3 3 2 2 2 3 
809 2 2 2 2 1 2 2 
810 2 2 2 2 1 2 2 
811 2 1 1 1 1 1 1 
812 2 2 2 2 2 2 2 
813 2 2 2 2 1 2 2 
814 2 2 2 2 1 2 2 
815 2 1 1 1 1 1 1 
816 3 3 3 3 3 3 3 
817 3 3 3 3 2 3 3 
818 3 3 3 3 2 3 3 
819 2 2 2 2 2 2 2 
820 2 2 2 2 2 2 2 
821 2 2 2 2 1 2 2 
822 2 2 2 2 1 2 2 
823 2 1 1 1 1 1 1 
824 2 2 2 2 2 2 2 
825 2 2 2 2 1 2 2 
826 2 2 2 2 1 2 2 
827 2 1 1 1 1 1 1 
828 2 2 2 2 2 2 2 
829 2 2 2 2 1 2 2 
830 2 2 2 2 1 2 2 
831 2 1 1 1 1 1 1 
832 3 3 3 3 3 3 3 
833 3 2 2 2 2 2 2 
834 3 2 2 2 2 2 2 
835 2 1 1 1 2 2 2 
836 3 2 2 2 2 2 2 
837 2 1 1 1 1 1 1 
838 2 1 1 1 1 1 1 
839 2 1 1 1 1 1 1 
840 3 2 2 2 2 2 2 
841 2 1 1 1 1 1 1 
842 2 1 1 1 1 1 1 
843 2 1 1 1 1 1 1 
844 2 1 2 2 2 2 2 
845 2 1 1 1 1 1 1 
846 2 1 1 1 1 1 1 
847 2 1 1 1 1 1 1 
848 3 2 2 2 3 3 3 
849 3 2 2 2 2 2 2 
850 3 2 2 2 2 2 2 
851 2 1 1 1 2 2 2 
852 2 1 1 1 2 2 2 
853 2 1 1 1 1 1 1 
854 2 1 1 1 1 1 1 
855 2 1 1 1 1 1 1 
856 2 1 1 1 2 2 2 
857 2 1 1 1 1 1 1 
858 2 1 1 1 1 1 1 
859 2 1 1 1 1 1 1 
860 2 1 1 1 2 2 2 
861 2 1 1 1 1 1 1 
862 2 1 1 1 1 1 1 
863 2 1 1 1 1 1 1 
864 3 2 3 3 3 3 3 
865 3 2 2 2 2 2 2 
866 3 2 2 2 2 2 2 
867 2 1 1 1 2 2 2 
868 3 2 2 2 2 2 2 
869 2 1 1 1 1 1 1 
870 2 1 1 1 1 1 1 
871 2 1 1 1 1 1 1 
872 3 2 2 2 2 2 2 
873 2 1 1 1 1 1 1 
874 2 1 1 1 1 1 1 
875 2 1 1 1 1 1 1 
876 2 1 2 2 2 2 2 
877 2 1 1 1 1 1 1 
878 2 1 1 1 1 1 1 
879 2 1 1 1 1 1 1 
880 3 2 2 2 3 3 3 
881 3 2 2 2 2 2 2 
882 3 2 2 2 2 2 2 
883 2 1 1 1 2 2 2 
884 2 1 1 1 2 2 2 
885 2 1 1 1 1 1 1 
886 2 1 1 1 1 1 1 
887 2 1 1 1 1 1 1 
888 2 1 1 1 2 2 2 
889 2 1 1 1 1 1 1 
890 2 1 1 1 1 1 1 
891 2 1 1 1 1 1 1 
892 2 1 1 1 2 2 2 
893 2 1 1 1 1 1 1 
894 2 1 1 1 1 1 1 
895 2 1 1 1 1 1 1 
896 3 3 3 3 3 3 3 
897 3 2 2 2 2 2 2 
898 3 2 2 2 2 2 2 
899 2 1 1 1 2 2 2 
900 3 2 2 2 2 2 2 
901 2 1 1 1 1 1 1 
902 2 1 1 1 1 1 1 
903 2 1 1 1 1 1 1 
904 3 2 2 2 2 2 2 
905 2 1 1 1 1 1 1 
906 2 1 1 1 1 1 1 
907 2 1 1 1 1 1 1 
908 2 1 2 2 2 2 2 
909 2 1 1 1 1 1 1 
910 2 1 1 1 1 1 1 
911 2 1 1 1 1 1 1 
912 3 2 2 2 3 3 3 
913 3 2 2 2 2 2 2 
914 3 2 2 2 2 2 2 
915 2 1 1 1 2 2 2 
916 2 1 1 1 2 2 2 
917 2 1 1 1 1 1 1 
918 2 1 1 1 1 1 1 
919 2 1 1 1 1 1 1 
920 2 1 1 1 2 2 2 
921 2 1 1 1 1 1 1 
922 2 1 1 1 1 1 1 
923 2 1 1 1 1 1 1 
924 2 1 1 1 2 2 2 
925 2 1 1 1 1 1 1 
926 2 1 1 1 1 1 1 
927 2 1 1 1 1 1 1 
928 3 2 3 3 3 3 3 
929 3 2 2 2 2 2 2 
930 3 2 2 2 2 2 2 
931 2 1 1 1 2 2 2 
932 3 2 2 2 2 2 2 
933 2 1 1 1 1 1 1 
934 2 1 1 1 1 1 1 
935 2 1 1 1 1 1 1 
936 3 2 2 2 2 2 2 
937 2 1 1 1 1 1 1 
938 2 1 1 1 1 1 1 
939 2 1 1 1 1 1 1 
940 2 1 2 2 2 2 2 
941 2 1 1 1 1 1 1 
942 2 1 1 1 1 1 1 
943 2 1 1 1 1 1 1 
944 3 2 2 2 3 3 3 
945 3 2 2 2 2 2 2 
946 3 2 2 2 2 2 2 
947 2 1 1 1 2 2 2 
948 2 1 1 1 2 2 2 
949 2 1 1 1 1 1 1 
950 2 1 1 1 1 1 1 
951 2 1 1 1 1 1 1 
952 2 1 1 1 2 2 2 
953 2 1 1 1 1 1 1 
954 2 1 1 1 1 1 1 
955 2 1 1 1 1 1 1 
956 2 1 1 1 2 2 2 
957 2 1 1 1 1 1 1 
958 2 1 1 1 1 1 1 
959 2 1 1 1 1 1 1 
960 3 2 2 2 2 2 2 
961 3 2 2 2 1 1 1 
962 3 2 2 2 1 1 1 
963 2 1 1 1 1 1 1 
964 3 2 1 1 1 1 1 
965 2 1 1 1 1 1 1 
966 2 1 1 1 1 1 1 
967 2 1 1 1 1 1 1 
968 3 2 1 1 1 1 1 
969 2 1 1 1 1 1 1 
970 2 1 1 1 1 1 1 
971 2 1 1 1 1 1 1 
972 2 1 1 1 1 1 1 
973 2 1 1 1 1 1 1 
974 2 1 1 1 1 1 1 
975 2 1 1 1 1 1 1 
976 3 2 2 2 2 2 2 
977 3 2 2 2 1 1 1 
978 3 2 2 2 1 1 1 
979 2 1 1 1 1 1 1 
980 2 1 1 1 1 1 1 
981 2 1 1 1 1 1 1 
982 2 1 1 1 1 1 1 
983 2 1 1 1 1 1 1 
984 2 1 1 1 1 1 1 
985 2 1 1 1 1 1 1 
986 2 1 1 1 1 1 1 
987 2 1 1 1 1 1 1 
988 2 1 1 1 1 1 1 
989 2 1 1 1 1 1 1 
990 2 1 1 1 1 1 1 
991 2 1 1 1 1 1 1 
992 3 2 2 2 2 2 2 
993 3 2 2 2 1 1 1 
994 3 2 2 2 1 1 1 
995 2 1 1 1 1 1 1 
996 3 2 1 1 1 1 1 
997 2 1 1 1 1 1 1 
998 2 1 1 1 1 1 1 
999 2 1 1 1 1 1 1 
1000 3 2 1 1 1 1 1 
1001 2 1 1 1 1 1 1 
1002 2 1 1 1 1 1 1 
1003 2 1 1 1 1 1 1 
1004 2 1 1 1 1 1 1 
1005 2 1 1 1 1 1 1 
1006 2 1 1 1 1 1 1 
1007 2 1 1 1 1 1 1 
1008 3 2 2 2 2 2 2 
1009 3 2 2 2 1 1 1 
1010 3 2 2 2 1 1 1 
1011 2 1 1 1 1 1 1 
1012 2 1 1 1 1 1 1 
1013 2 1 1 1 1 1 1 
1014 2 1 1 1 1 1 1 
1015 2 1 1 1 1 1 1 
1016 2 1 1 1 1 1 1 
1017 2 1 1 1 1 1 1 
1018 2 1 1 1 1 1 1 
1019 2 1 1 1 1 1 1 
1020 2 1 1 1 1 1 1 
1021 2 1 1 1 1 1 1 
1022 2 1 1 1 1 1 1 
1023 2 1 1 1 1 1 1 
1024 4 4 4 4 4 4 4 
1025 4 4 4 4 3 3 3 
1026 4 4 4 4 3 3 3 
1027 3 3 3 3 3 3 3 
1028 4 4 3 3 3 3 3 
1029 3 3 3 3 2 2 2 
1030 3 3 3 3 2 2 2 
1031 3 2 2 2 2 2 2 
1032 4 4 3 3 3 3 3 
1033 3 3 3 3 2 2 2 
1034 3 3 3 3 2 2 2 
1035 3 2 2 2 2 2 2 
1036 3 3 3 3 3 3 3 
1037 3 3 3 3 2 2 2 
1038 3 3 3 3 2 2 2 
1039 3 2 2 2 2 2 2 
1040 4 4 4 4 4 4 4 
1041 4 4 4 4 3 3 3 
1042 4 4 4 4 3 3 3 
1043 3 3 3 3 3 3 3 
1044 3 3 3 3 3 3 3 
1045 3 3 3 3 2 2 2 
1046 3 3 3 3 2 2 2 
1047 3 2 2 2 2 2 2 
1048 3 3 3 3 3 3 3 
1049 3 3 3 3 2 2 2 
1050 3 3 3 3 2 2 2 
1051 3 2 2 2 2 2 2 
1052 3 3 3 3 3 3 3 
1053 3 3 3 3 2 2 2 
1054 3 3 3 3 2 2 2 
1055 3 2 2 2 2 2 2 
1056 4 4 4 4 4 4 4 
1057 4 4 4 4 3 3 3 
1058 4 4 4 4 3 3 3 
1059 3 3 3 3 3 3 3 
1060 4 4 3 3 3 3 3 
1061 3 3 3 3 2 2 2 
1062 3 3 3 3 2 2 2 
1063 3 2 2 2 2 2 2 
1064 4 4 3 3 3 3 3 
1065 3 3 3 3 2 2 2 
1066 3 3 3 3 2 2 2 
1067 3 2 2 2 2 2 2 
1068 3 3 3 3 3 3 3 
1069 3 3 3 3 2 2 2 
1070 3 3 3 3 2 2 2 
1071 3 2 2 2 2 2 2 
1072 4 4 4 4 4 4 4 
1073 4 4 4 4 3 3 3 
1074 4 4 4 4 3 3 3 
1075 3 3 3 3 3 3 3 
1076 3 3 3 3 3 3 3 
1077 3 3 3 3 2 2 2 
1078 3 3 3 3 2 2 2 
1079 3 2 2 2 2 2 2 
1080 3 3 3 3 3 3 3 
1081 3 3 3 3 2 2 2 
1082 3 3 3 3 2 2 2 
1083 3 2 2 2 2 2 2 
1084 3 3 3 3 3 3 3 
1085 3 3 3 3 2 2 2 
1086 3 3 3 3 2 2 2 
1087 3 2 2 2 2 2 2 
1088 4 4 4 4 4 4 4 
1089 4 3 3 3 3 3 3 
1090 4 3 3 3 3 3 3 
1091 3 2 2 2 3 3 3 
1092 4 3 3 3 3 3 3 
1093 3 2 2 2 2 2 2 
1094 3 2 2 2 2 2 2 
1095 3 1 1 1 2 2 2 
1096 4 3 3 3 3 3 3 
1097 3 2 2 2 2 2 2 
1098 3 2 2 2 2 2 2 
1099 3 1 1 1 2 2 2 
1100 3 2 3 3 3 3 3 
1101 3 2 2 2 2 2 2 
1102 3 2 2 2 2 2 2 
1103 3 1 1 1 2 2 2 
1104 4 3 3 3 4 4 4 
1105 4 3 3 3 3 3 3 
1106 4 3 3 3 3 3 3 
1107 3 2 2 2 3 3 3 
1108 3 2 2 2 3 3 3 
1109 3 2 2 2 2 2 2 
1110 3 2 2 2 2 2 2 
1111 3 1 1 1 2 2 2 
1112 3 2 2 2 3 3 3 
1113 3 2 2 2 2 2 2 
1114 3 2 2 2 2 2 2 
1115 3 1 1 1 2 2 2 
1116 3 2 2 2 3 3 3 
1117 3 2 2 2 2 2 2 
1118 3 2 2 2 2 2 2 
1119 3 1 1 1 2 2 2 
1120 4 3 4 4 4 4 4 
1121 4 3 3 3 3 3 3 
1122 4 3 3 3 3 3 3 
1123 3 2 2 2 3 3 3 
1124 4 3 3 3 3 3 3 
1125 3 2 2 2 2 2 2 
1126 3 2 2 2 2 2 2 
1127 3 1 1 1 2 2 2 
1128 4 3 3 3 3 3 3 
1129 3 2 2 2 2 2 2 
1130 3 2 2 2 2 2 2 
1131 3 1 1 1 2 2 2 
1132 3 2 3 3 3 3 3 
1133 3 2 2 2 2 2 2 
1134 3 2 2 2 2 2 2 
1135 3 1 1 1 2 2 2 
1136 4 3 3 3 4 4 4 
1137 4 3 3 3 3 3 3 
1138 4 3 3 3 3 3 3 
1139 3 2 2 2 3 3 3 
1140 3 2 2 2 3 3 3 
1141 3 2 2 2 2 2 2 
1142 3 2 2 2 2 2 2 
1143 3 1 1 1 2 2 2 
1144 3 2 2 2 3 3 3 
1145 3 2 2 2 2 2 2 
1146 3 2 2 2 2 2 2 
1147 3 1 1 1 2 2 2 
1148 3 2 2 2 3 3 3 
1149 3 2 2 2 2 2 2 
1150 3 2 2 2 2 2 2 
1151 3 1 1 1 2 2 2 
1152 4 4 4 4 4 4 4 
1153 4 3 3 3 3 3 3 
1154 4 3 3 3 3 3 3 
1155 3 2 2 2 3 3 3 
1156 4 3 3 3 3 3 3 
1157 3 2 2 2 2 2 2 
1158 3 2 2 2 2 2 2 
1159 3 1 1 1 2 2 2 
1160 4 3 3 3 3 3 3 
1161 3 2 2 2 2 2 2 
1162 3 2 2 2 2 2 2 
1163 3 1 1 1 2 2 2 
1164 3 2 3 3 3 3 3 
1165 3 2 2 2 2 2 2 
1166 3 2 2 2 2 2 2 
1167 3 1 1 1 2 2 2 
1168 4 3 3 3 4 4 4 
1169 4 3 3 3 3 3 3 
1170 4 3 3 3 3 3 3 
1171 3 2 2 2 3 3 3 
1172 3 2 2 2 3 3 3 
1173 3 2 2 2 2 2 2 
1174 3 2 2 2 2 2 2 
1175 3 1 1 1 2 2 2 
1176 3 2 2 2 3 3 3 
1177 3 2 2 2 2 2 2 
1178 3 2 2 2 2 2 2 
1179 3 1 1 1 2 2 2 
1180 3 2 2 2 3 3 3 
1181 3 2 2 2 2 2 2 
1182 3 2 2 2 2 2 2 
1183 3 1 1 1 2 2 2 
1184 4 3 4 4 4 4 4 
1185 4 3 3 3 3 3 3 
1186 4 3 3 3 3 3 3 
1187 3 2 2 2 3 3 3 
1188 4 3 3 3 3 3 3 
1189 3 2 2 2 2 2 2 
1190 3 2 2 2 2 2 2 
1191 3 1 1 1 2 2 2 
1192 4 3 3 3 3 3 3 
1193 3 2 2 2 2 2 2 
1194 3 2 2 2 2 2 2 
1195 3 1 1 1 2 2 2 
1196 3 2 3 3 3 3 3 
1197 3 2 2 2 2 2 2 
1198 3 2 2 2 2 2 2 
1199 3 1 1 1 2 2 2 
1200 4 3 3 3 4 4 4 
1201 4 3 3 3 3 3 3 
1202 4 3 3 3 3 3 3 
1203 3 2 2 2 3 3 3 
1204 3 2 2 2 3 3 3 
1205 3 2 2 2 2 2 2 
1206 3 2 2 2 2 2 2 
1207 3 1 1 1 2 2 2 
1208 3 2 2 2 3 3 3 
1209 3 2 2 2 2 2 2 
1210 3 2 2 2 2 2 2 
1211 3 1 1 1 2 2 2 
1212 3 2 2 2 3 3 3 
1213 3 2 2 2 2 2 2 
1214 3 2 2 2 2 2 2 
1215 3 1 1 1 2 2 2 
1216 3 3 3 3 3 3 3 
1217 3 3 3 3 2 2 2 
1218 3 3 3 3 2 2 2 
1219 2 2 2 2 2 2 2 
1220 3 3 2 2 2 2 2 
1221 2 2 2 2 1 1 1 
1222 2 2 2 2 1 1 1 
1223 2 1 1 1 1 1 1 
1224 3 3 2 2 2 2 2 
1225 2 2 2 2 1 1 1 
1226 2 2 2 2 1 1 1 
1227 2 1 1 1 1 1 1 
1228 2 2 2 2 2 2 2 
1229 2 2 2 2 1 1 1 
1230 2 2 2 2 1 1 1 
1231 2 1 1 1 1 1 1 
1232 3 3 3 3 3 3 3 
1233 3 3 3 3 2 2 2 
1234 3 3 3 3 2 2 2 
1235 2 2 2 2 2 2 2 
1236 2 2 2 2 2 2 2 
1237 2 2 2 2 1 1 1 
1238 2 2 2 2 1 1 1 
1239 2 1 1 1 1 1 1 
1240 2 2 2 2 2 2 2 
1241 2 2 2 2 1 1 1 
1242 2 2 2 2 1 1 1 
1243 2 1 1 1 1 1 1 
1244 2 2 2 2 2 2 2 
1245 2 2 2 2 1 1 1 
1246 2 2 2 2 1 1 1 
1247 2 1 1 1 1 1 1 
1248 3 3 3 3 3 3 3 
1249 3 3 3 3 2 2 2 
1250 3 3 3 3 2 2 2 
1251 2 2 2 2 2 2 2 
1252 3 3 2 2 2 2 2 
1253 2 2 2 2 1 1 1 
1254 2 2 2 2 1 1 1 
1255 2 1 1 1 1 1 1 
1256 3 3 2 2 2 2 2 
1257 2 2 2 2 1 1 1 
1258 2 2 2 2 1 1 1 
1259 2 1 1 1 1 1 1 
1260 2 2 2 2 2 2 2 
1261 2 2 2 2 1 1 1 
1262 2 2 2 2 1 1 1 
1263 2 1 1 1 1 1 1 
1264 3 3 3 3 3 3 3 
1265 3 3 3 3 2 2 2 
1266 3 3 3 3 2 2 2 
1267 2 2 2 2 2 2 2 
1268 2 2 2 2 2 2 2 
1269 2 2 2 2 1 1 1 
1270 2 2 2 2 1 1 1 
1271 2 1 1 1 1 1 1 
1272 2 2 2 2 2 2 2 
1273 2 2 2 2 1 1 1 
1274 2 2 2 2 1 1 1 
1275 2 1 1 1 1 1 1 
1276 2 2 2 2 2 2 2 
1277 2 2 2 2 1 1 1 
1278 2 2 2 2 1 1 1 
1279 2 1 1 1 1 1 1 
1280 3 3 3 3 3 3 3 
1281 3 3 3 3 2 2 2 
1282 3 3 3 3 2 2 2 
1283 2 2 2 2 2 2 2 
1284 3 3 2 2 2 2 2 
1285 2 2 2 2 1 1 1 
1286 2 2 2 2 1 1 1 
1287 2 1 1 1 1 1 1 
1288 3 3 2 2 2 2 2 
1289 2 2 2 2 1 1 1 
1290 2 2 2 2 1 1 1 
1291 2 1 1 1 1 1 1 
1292 2 2 2 2 2 2 2 
1293 2 2 2 2 1 1 1 
1294 2 2 2 2 1 1 1 
1295 2 1 1 1 1 1 1 
1296 3 3 3 3 3 3 3 
1297 3 3 3 3 2 2 2 
1298 3 3 3 3 2 2 2 
1299 2 2 2 2 2 2 2 
1300 2 2 2 2 2 2 2 
1301 2 2 2 2 1 1 1 
1302 2 2 2 2 1 1 1 
1303 2 1 1 1 1 1 1 
1304 2 2 2 2 2 2 2 
1305 2 2 2 2 1 1 1 
1306 2 2 2 2 1 1 1 
1307 2 1 1 1 1 1 1 
1308 2 2 2 2 2 2 2 
1309 2 2 2 2 1 1 1 
1310 2 2 2 2 1 1 1 
1311 2 1 1 1 1 1 1 
1312 3 3 3 3 3 3 3 
1313 3 3 3 3 2 2 2 
1314 3 3 3 3 2 2 2 
1315 2 2 2 2 2 2 2 
1316 3 3 2 2 2 2 2 
1317 2 2 2 2 1 1 1 
1318 2 2 2 2 1 1 1 
1319 2 1 1 1 1 1 1 
1320 3 3 2 2 2 2 2 
1321 2 2 2 2 1 1 1 
1322 2 2 2 2 1 1 1 
1323 2 1 1 1 1 1 1 
1324 2 2 2 2 2 2 2 
1325 2 2 2 2 1 1 1 
1326 2 2 2 2 1 1 1 
1327 2 1 1 1 1 1 1 
1328 3 3 3 3 3 3 3 
1329 3 3 3 3 2 2 2 
1330 3 3 3 3 2 2 2 
1331 2 2 2 2 2 2 2 
1332 2 2 2 2 2 2 2 
1333 2 2 2 2 1 1 1 
1334 2 2 2 2 1 1 1 
1335 2 1 1 1 1 1 1 
1336 2 2 2 2 2 2 2 
1337 2 2 2 2 1 1 1 
1338 2 2 2 2 1 1 1 
1339 2 1 1 1 1 1 1 
1340 2 2 2 2 2 2 2 
1341 2 2 2 2 1 1 1 
1342 2 2 2 2 1 1 1 
1343 2 1 1 1 1 1 1 
1344 3 3 3 3 3 3 3 
1345 3 2 2 2 2 2 2 
1346 3 2 2 2 2 2 2 
1347 2 1 1 1 2 2 2 
1348 3 2 2 2 2 2 2 
1349 2 1 1 1 1 1 1 
1350 2 1 1 1 1 1 1 
1351 2 1 1 1 1 1 1 
1352 3 2 2 2 2 2 2 
1353 2 1 1 1 1 1 1 
1354 2 1 1 1 1 1 1 
1355 2 1 1 1 1 1 1 
1356 2 1 2 2 2 2 2 
1357 2 1 1 1 1 1 1 
1358 2 1 1 1 1 1 1 
1359 2 1 1 1 1 1 1 
1360 3 2 2 2 3 3 3 
1361 3 2 2 2 2 2 2 
1362 3 2 2 2 2 2 2 
1363 2 1 1 1 2 2 2 
1364 2 1 1 1 2 2 2 
1365 2 1 1 1 1 1 1 
1366 2 1 1 1 1 1 1 
1367 2 1 1 1 1 1 1 
1368 2 1 1 1 2 2 2 
1369 2 1 1 1 1 1 1 
1370 2 1 1 1 1 1 1 
1371 2 1 1 1 1 1 1 
1372 2 1 1 1 2 2 2 
1373 2 1 1 1 1 1 1 
1374 2 1 1 1 1 1 1 
1375 2 1 1 1 1 1 1 
1376 3 2 3 3 3 3 3 
1377 3 2 2 2 2 2 2 
1378 3 2 2 2 2 2 2 
1379 2 1 1 1 2 2 2 
1380 3 2 2 2 2 2 2 
1381 2 1 1 1 1 1 1 
1382 2 1 1 1 1 1 1 
1383 2 1 1 1 1 1 1 
1384 3 2 2 2 2 2 2 
1385 2 1 1 1 1 1 1 
1386 2 1 1 1 1 1 1 
1387 2 1 1 1 1 1 1 
1388 2 1 2 2 2 2 2 
1389 2 1 1 1 1 1 1 
1390 2 1 1 1 1 1 1 
1391 2 1 1 1 1 1 1 
1392 3 2 2 2 3 3 3 
1393 3 2 2 2 2 2 2 
1394 3 2 2 2 2 2 2 
1395 2 1 1 1 2 2 2 
1396 2 1 1 1 2 2 2 
1397 2 1 1 1 1 1 1 
1398 2 1 1 1 1 1 1 
1399 2 1 1 1 1 1 1 
1400 2 1 1 1 2 2 2 
1401 2 1 1 1 1 1 1 
1402 2 1 1 1 1 1 1 
1403 2 1 1 1 1 1 1 
1404 2 1 1 1 2 2 2 
1405 2 1 1 1 1 1 1 
1406 2 1 1 1 1 1 1 
1407 2 1 1 1 1 1 1 
1408 3 3 3 3 3 3 3 
1409 3 2 2 2 2 2 2 
1410 3 2 2 2 2 2 2 
1411 2 1 1 1 2 2 2 
1412 3 2 2 2 2 2 2 
1413 2 1 1 1 1 1 1 
1414 2 1 1 1 1 1 1 
1415 2 1 1 1 1 1 1 
1416 3 2 2 2 2 2 2 
1417 2 1 1 1 1 1 1 
1418 2 1 1 1 1 1 1 
1419 2 1 1 1 1 1 1 
1420 2 1 2 2 2 2 2 
1421 2 1 1 1 1 1 1 
1422 2 1 1 1 1 1 1 
1423 2 1 1 1 1 1 1 
1424 3 2 2 2 3 3 3 
1425 3 2 2 2 2 2 2 
1426 3 2 2 2 2 2 2 
1427 2 1 1 1 2 2 2 
1428 2 1 1 1 2 2 2 
1429 2 1 1 1 1 1 1 
1430 2 1 1 1 1 1 1 
1431 2 1 1 1 1 1 1 
1432 2 1 1 1 2 2 2 
1433 2 1 1 1 1 1 1 
1434 2 1 1 1 1 1 1 
1435 2 1 1 1 1 1 1 
1436 2 1 1 1 2 2 2 
1437 2 1 1 1 1 1 1 
1438 2 1 1 1 1 1 1 
1439 2 1 1 1 1 1 1 
1440 3 2 3 3 3 3 3 
1441 3 2 2 2 2 2 2 
1442 3 2 2 2 2 2 2 
1443 2 1 1 1 2 2 2 
1444 3 2 2 2 2 2 2 
1445 2 1 1 1 1 1 1 
1446 2 1 1 1 1 1 1 
1447 2 1 1 1 1 1 1 
1448 3 2 2 2 2 2 2 
1449 2 1 1 1 1 1 1 
1450 2 1 1 1 1 1 1 
1451 2 1 1 1 1 1 1 
1452 2 1 2 2 2 2 2 
1453 2 1 1 1 1 1 1 
1454 2 1 1 1 1 1 1 
1455 2 1 1 1 1 1 1 
1456 3 2 2 2 3 3 3 
1457 3 2 2 2 2 2 2 
1458 3 2 2 2 2 2 2 
1459 2 1 1 1 2 2 2 
1460 2 1 1 1 2 2 2 
1461 2 1 1 1 1 1 1 
1462 2 1 1 1 1 1 1 
1463 2 1 1 1 1 1 1 
1464 2 1 1 1 2 2 2 
1465 2 1 1 1 1 1 1 
1466 2 1 1 1 1 1 1 
1467 2 1 1 1 1 1 1 
1468 2 1 1 1 2 2 2 
1469 2 1 1 1 1 1 1 
1470 2 1 1 1 1 1 1 
1471 2 1 1 1 1 1 1 
1472 3 2 2 2 2 2 2 
1473 3 2 2 2 1 1 1 
1474 3 2 2 2 1 1 1 
1475 2 1 1 1 1 1 1 
1476 3 2 1 1 1 1 1 
1477 2 1 1 1 1 1 1 
1478 2 1 1 1 1 1 1 
1479 2 1 1 1 1 1 1 
1480 3 2 1 1 1 1 1 
1481 2 1 1 1 1 1 1 
1482 2 1 1 1 1 1 1 
1483 2 1 1 1 1 1 1 
1484 2 1 1 1 1 1 1 
1485 2 1 1 1 1 1 1 
1486 2 1 1 1 1 1 1 
1487 2 1 1 1 1 1 1 
1488 3 2 2 2 2 2 2 
1489 3 2 2 2 1 1 1 
1490 3 2 2 2 1 1 1 
1491 2 1 1 1 1 1 1 
1492 2 1 1 1 1 1 1 
1493 2 1 1 1 1 1 1 
1494 2 1 1 1 1 1 1 
1495 2 1 1 1 1 1 1 
1496 2 1 1 1 1 1 1 
1497 2 1 1 1 1 1 1 
1498 2 1 1 1 1 1 1 
1499 2 1 1 1 1 1 1 
1500 2 1 1 1 1 1 1 
1501 2 1 1 1 1 1 1 
1502 2 1 1 1 1 1 1 
1503 2 1 1 1 1 1 1 
1504 3 2 2 2 2 2 2 
1505 3 2 2 2 1 1 1 
1506 3 2 2 2 1 1 1 
1507 2 1 1 1 1 1 1 
1508 3 2 1 1 1 1 1 
1509 2 1 1 1 1 1 1 
1510 2 1 1 1 1 1 1 
1511 2 1 1 1 1 1 1 
1512 3 2 1 1 1 1 1 
1513 2 1 1 1 1 1 1 
1514 2 1 1 1 1 1 1 
1515 2 1 1 1 1 1 1 
1516 2 1 1 1 1 1 1 
1517 2 1 1 1 1 1 1 
1518 2 1 1 1 1 1 1 
1519 2 1 1 1 1 1 1 
1520 3 2 2 2 2 2 2 
1521 3 2 2 2 1 1 1 
1522 3 2 2 2 1 1 1 
1523 2 1 1 1 1 1 1 
1524 2 1 1 1 1 1 1 
1525 2 1 1 1 1 1 1 
1526 2 1 1 1 1 1 1 
1527 2 1 1 1 1 1 1 
1528 2 1 1 1 1 1 1 
1529 2 1 1 1 1 1 1 
1530 2 1 1 1 1 1 1 
1531 2 1 1 1 1 1 1 
1532 2 1 1 1 1 1 1 
1533 2 1 1 1 1 1 1 
1534 2 1 1 1 1 1 1 
1535 2 1 1 1 1 1 1 
1536 3 3 3 3 3 3 3 
1537 3 3 3 3 2 2 2 
1538 3 3 3 3 2 2 2 
1539 2 2 2 2 2 2 2 
1540 3 3 2 2 2 2 2 
1541 2 2 2 2 1 1 1 
1542 2 2 2 2 1 1 1 
1543 2 1 1 1 1 1 1 
1544 3 3 2 2 2 2 2 
1545 2 2 2 2 1 1 1 
1546 2 2 2 2 1 1 1 
1547 2 1 1 1 1 1 1 
1548 2 2 2 2 2 2 2 
1549 2 2 2 2 1 1 1 
1550 2 2 2 2 1 1 1 
1551 2 1 1 1 1 1 1 
1552 3 3 3 3 3 3 3 
1553 3 3 3 3 2 2 2 
1554 3 3 3 3 2 2 2 
1555 2 2 2 2 2 2 2 
1556 2 2 2 2 2 2 2 
1557 2 2 2 2 1 1 1 
1558 2 2 2 2 1 1 1 
1559 2 1 1 1 1 1 1 
1560 2 2 2 2 2 2 2 
1561 2 2 2 2 1 1 1 
1562 2 2 2 2 1 1 1 
1563 2 1 1 1 1 1 1 
1564 2 2 2 2 2 2 2 
1565 2 2 2 2 1 1 1 
1566 2 2 2 2 1 1 1 
1567 2 1 1 1 1 1 1 
1568 3 3 3 3 3 3 3 
1569 3 3 3 3 2 2 2 
1570 3 3 3 3 2 2 2 
1571 2 2 2 2 2 2 2 
1572 3 3 2 2 2 2 2 
1573 2 2 2 2 1 1 1 
1574 2 2 2 2 1 1 1 
1575 2 1 1 1 1 1 1 
1576 3 3 2 2 2 2 2 
1577 2 2 2 2 1 1 1 
1578 2 2 2 2 1 1 1 
1579 2 1 1 1 1 1 1 
1580 2 2 2 2 2 2 2 
1581 2 2 2 2 1 1 1 
1582 2 2 2 2 1 1 1 
1583 2 1 1 1 1 1 1 
1584 3 3 3 3 3 3 3 
1585 3 3 3 3 2 2 2 
1586 3 3 3 3 2 2 2 
1587 2 2 2 2 2 2 2 
1588 2 2 2 2 2 2 2 
1589 2 2 2 2 1 1 1 
1590 2 2 2 2 1 1 1 
1591 2 1 1 1 1 1 1 
1592 2 2 2 2 2 2 2 
1593 2 2 2 2 1 1 1 
1594 2 2 2 2 1 1 1 
1595 2 1 1 1 1 1 1 
1596 2 2 2 2 2 2 2 
1597 2 2 2 2 1 1 1 
1598 2 2 2 2 1 1 1 
1599 2 1 1 1 1 1 1 
1600 3 3 3 3 3 3 3 
1601 3 2 2 2 2 2 2 
1602 3 2 2 2 2 2 2 
1603 2 1 1 1 2 2 2 
1604 3 2 2 2 2 2 2 
1605 2 1 1 1 1 1 1 
1606 2 1 1 1 1 1 1 
1607 2 1 1 1 1 1 1 
1608 3 2 2 2 2 2 2 
1609 2 1 1 1 1 1 1 
1610 2 1 1 1 1 1 1 
1611 2 1 1 1 1 1 1 
1612 2 1 2 2 2 2 2 
1613 2 1 1 1 1 1 1 
1614 2 1 1 1 1 1 1 
1615 2 1 1 1 1 1 1 
1616 3 2 2 2 3 3 3 
1617 3 2 2 2 2 2 2 
1618 3 2 2 2 2 2 2 
1619 2 1 1 1 2 2 2 
1620 2 1 1 1 2 2 2 
1621 2 1 1 1 1 1 1 
1622 2 1 1 1 1 1 1 
1623 2 1 1 1 1 1 1 
1624 2 1 1 1 2 2 2 
1625 2 1 1 1 1 1 1 
1626 2 1 1 1 1 1 1 
1627 2 1 1 1 1 1 1 
1628 2 1 1 1 2 2 2 
1629 2 1 1 1 1 1 1 
1630 2 1 1 1 1 1 1 
1631 2 1 1 1 1 1 1 
1632 3 2 3 3 3 3 3 
1633 3 2 2 2 2 2 2 
1634 3 2 2 2 2 2 2 
1635 2 1 1 1 2 2 2 
1636 3 2 2 2 2 2 2 
1637 2 1 1 1 1 1 1 
1638 2 1 1 1 1 1 1 
1639 2 1 1 1 1 1 1 
1640 3 2 2 2 2 2 2 
1641 2 1 1 1 1 1 1 
1642 2 1 1 1 1 1 1 
1643 2 1 1 1 1 1 1 
1644 2 1 2 2 2 2 2 
1645 2 1 1 1 1 1 1 
1646 2 1 1 1 1 1 1 
1647 2 1 1 1 1 1 1 
1648 3 2 2 2 3 3 3 
1649 3 2 2 2 2 2 2 
1650 3 2 2 2 2 2 2 
1651 2 1 1 1 2 2 2 
1652 2 1 1 1 2 2 2 
1653 2 1 1 1 1 1 1 
1654 2 1 1 1 1 1 1 
1655 2 1 1 1 1 1 1 
1656 2 1 1 1 2 2 2 
1657 2 1 1 1 1 1 1 
1658 2 1 1 1 1 1 1 
1659 2 1 1 1 1 1 1 
1660 2 1 1 1 2 2 2 
1661 2 1 1 1 1 1 1 
1662 2 1 1 1 1 1 1 
1663 2 1 1 1 1 1 1 
1664 3 3 3 3 3 3 3 
1665 3 2 2 2 2 2 2 
1666 3 2 2 2 2 2 2 
1667 2 1 1 1 2 2 2 
1668 3 2 2 2 2 2 2 
1669 2 1 1 1 1 1 1 
1670 2 1 1 1 1 1 1 
1671 2 1 1 1 1 1 1 
1672 3 2 2 2 2 2 2 
1673 2 1 1 1 1 1 1 
1674 2 1 1 1 1 1 1 
1675 2 1 1 1 1 1 1 
1676 2 1 2 2 2 2 2 
1677 2 1 1 1 1 1 1 
1678 2 1 1 1 1 1 1 
1679 2 1 1 1 1 1 1 
1680 3 2 2 2 3 3 3 
1681 3 2 2 2 2 2 2 
1682 3 2 2 2 2 2 2 
1683 2 1 1 1 2 2 2 
1684 2 1 1 1 2 2 2 
1685 2 1 1 1 1 1 1 
1686 2 1 1 1 1 1 1 
1687 2 1 1 1 1 1 1 
1688 2 1 1 1 2 2 2 
1689 2 1 1 1 1 1 1 
1690 2 1 1 1 1 1 1 
1691 2 1 1 1 1 1 1 
1692 2 1 1 1 2 2 2 
1693 2 1 1 1 1 1 1 
1694 2 1 1 1 1 1 1 
1695 2 1 1 1 1 1 1 
1696 3 2 3 3 3 3 3 
1697 3 2 2 2 2 2 2 
1698 3 2 2 2 2 2 2 
1699 2 1 1 1 2 2 2 
1700 3 2 2 2 2 2 2 
1701 2 1 1 1 1 1 1 
1702 2 1 1 1 1 1 1 
1703 2 1 1 1 1 1 1 
1704 3 2 2 2 2 2 2 
1705 2 1 1 1 1 1 1 
1706 2 1 1 1 1 1 1 
1707 2 1 1 1 1 1 1 
1708 2 1 2 2 2 2 2 
1709 2 1 1 1 1 1 1 
1710 2 1 1 1 1 1 1 
1711 2 1 1 1 1 1 1 
1712 3 2 2 2 3 3 3 
1713 3 2 2 2 2 2 2 
1714 3 2 2 2 2 2 2 
1715 2 1 1 1 2 2 2 
1716 2 1 1 1 2 2 2 
1717 2 1 1 1 1 1 1 
1718 2 1 1 1 1 1 1 
1719 2 1 1 1 1 1 1 
1720 2 1 1 1 2 2 2 
1721 2 1 1 1 1 1 1 
1722 2 1 1 1 1 1 1 
1723 2 1 1 1 1 1 1 
1724 2 1 1 1 2 2 2 
1725 2 1 1 1 1 1 1 
1726 2 1 1 1 1 1 1 
1727 2 1 1 1 1 1 1 
1728 3 2 2 2 2 2 2 
1729 3 2 2 2 1 1 1 
1730 3 2 2 2 1 1 1 
1731 2 1 1 1 1 1 1 
1732 3 2 1 1 1 1 1 
1733 2 1 1 1 1 1 1 
1734 2 1 1 1 1 1 1 
1735 2 1 1 1 1 1 1 
1736 3 2 1 1 1 1 1 
1737 2 1 1 1 1 1 1 
1738 2 1 1 1 1 1 1 
1739 2 1 1 1 1 1 1 
1740 2 1 1 1 1 1 1 
1741 2 1 1 1 1 1 1 
1742 2 1 1 1 1 1 1 
1743 2 1 1 1 1 1 1 
1744 3 2 2 2 2 2 2 
1745 3 2 2 2 1 1 1 
1746 3 2 2 2 1 1 1 
1747 2 1 1 1 1 1 1 
1748 2 1 1 1 1 1 1 
1749 2 1 1 1 1 1 1 
1750 2 1 1 1 1 1 1 
1751 2 1 1 1 1 1 1 
1752 2 1 1 1 1 1 1 
1753 2 1 1 1 1 1 1 
1754 2 1 1 1 1 1 1 
1755 2 1 1 1 1 1 1 
1756 2 1 1 1 1 1 1 
1757 2 1 1 1 1 1 1 
1758 2 1 1 1 1 1 1 
1759 2 1 1 1 1 1 1 
1760 3 2 2 2 2 2 2 
1761 3 2 2 2 1 1 1 
1762 3 2 2 2 1 1 1 
1763 2 1 1 1 1 1 1 
1764 3 2 1 1 1 1 1 
1765 2 1 1 1 1 1 1 
1766 2 1 1 1 1 1 1 
1767 2 1 1 1 1 1 1 
1768 3 2 1 1 1 1 1 
1769 2 1 1 1 1 1 1 
1770 2 1 1 1 1 1 1 
1771 2 1 1 1 1 1 1 
1772 2 1 1 1 1 1 1 
1773 2 1 1 1 1 1 1 
1774 2 1 1 1 1 1 1 
1775 2 1 1 1 1 1 1 
1776 3 2 2 2 2 2 2 
1777 3 2 2 2 1 1 1 
1778 3 2 2 2 1 1 1 
1779 2 1 1 1 1 1 1 
1780 2 1 1 1 1 1 1 
1781 2 1 1 1 1 1 1 
1782 2 1 1 1 1 1 1 
1783 2 1 1 1 1 1 1 
1784 2 1 1 1 1 1 1 
1785 2 1 1 1 1 1 1 
1786 2 1 1 1 1 1 1 
1787 2 1 1 1 1 1 1 
1788 2 1 1 1 1 1 1 
1789 2 1 1 1 1 1 1 
1790 2 1 1 1 1 1 1 
1791 2 1 1 1 1 1 1 
1792 3 3 3 3 3 3 3 
1793 3 3 3 3 2 2 2 
1794 3 3 3 3 2 2 2 
1795 2 2 2 2 2 2 2 
1796 3 3 2 2 2 2 2 
1797 2 2 2 2 1 1 1 
1798 2 2 2 2 1 1 1 
1799 2 1 1 1 1 1 1 
1800 3 3 2 2 2 2 2 
1801 2 2 2 2 1 1 1 
1802 2 2 2 2 1 1 1 
1803 2 1 1 1 1 1 1 
1804 2 2 2 2 2 2 2 
1805 2 2 2 2 1 1 1 
1806 2 2 2 2 1 1 1 
1807 2 1 1 1 1 1 1 
1808 3 3 3 3 3 3 3 
1809 3 3 3 3 2 2 2 
1810 3 3 3 3 2 2 2 
1811 2 2 2 2 2 2 2 
1812 2 2 2 2 2 2 2 
1813 2 2 2 2 1 1 1 
1814 2 2 2 2 1 1 1 
1815 2 1 1 1 1 1 1 
1816 2 2 2 2 2 2 2 
1817 2 2 2 2 1 1 1 
1818 2 2 2 2 1 1 1 
1819 2 1 1 1 1 1 1 
1820 2 2 2 2 2 2 2 
1821 2 2 2 2 1 1 1 
1822 2 2 2 2 1 1 1 
1823 2 1 1 1 1 1 1 
1824 3 3 3 3 3 3 3 
1825 3 3 3 3 2 2 2 
1826 3 3 3 3 2 2 2 
1827 2 2 2 2 2 2 2 
1828 3 3 2 2 2 2 2 
1829 2 2 2 2 1 1 1 
1830 2 2 2 2 1 1 1 
1831 2 1 1 1 1 1 1 
1832 3 3 2 2 2 2 2 
1833 2 2 2 2 1 1 1 
1834 2 2 2 2 1 1 1 
1835 2 1 1 1 1 1 1 
1836 2 2 2 2 2 2 2 
1837 2 2 2 2 1 1 1 
1838 2 2 2 2 1 1 1 
1839 2 1 1 1 1 1 1 
1840 3 3 3 3 3 3 3 
1841 3 3 3 3 2 2 2 
1842 3 3 3 3 2 2 2 
1843 2 2 2 2 2 2 2 
1844 2 2 2 2 2 2 2 
1845 2 2 2 2 1 1 1 
1846 2 2 2 2 1 1 1 
1847 2 1 1 1 1 1 1 
1848 2 2 2 2 2 2 2 
1849 2 2 2 2 1 1 1 
1850 2 2 2 2 1 1 1 
1851 2 1 1 1 1 1 1 
1852 2 2 2 2 2 2 2 
1853 2 2 2 2 1 1 1 
1854 2 2 2 2 1 1 1 
1855 2 1 1 1 1 1 1 
1856 3 3 3 3 3 3 3 
1857 3 2 2 2 2 2 2 
1858 3 2 2 2 2 2 2 
1859 2 1 1 1 2 2 2 
1860 3 2 2 2 2 2 2 
1861 2 1 1 1 1 1 1 
1862 2 1 1 1 1 1 1 
1863 2 1 1 1 1 1 1 
1864 3 2 2 2 2 2 2 
1865 2 1 1 1 1 1 1 
1866 2 1 1 1 1 1 1 
1867 2 1 1 1 1 1 1 
1868 2 1 2 2 2 2 2 
1869 2 1 1 1 1 1 1 
1870 2 1 1 1 1 1 1 
1871 2 1 1 1 1 1 1 
1872 3 2 2 2 3 3 3 
1873 3 2 2 2 2 2 2 
1874 3 2 2 2 2 2 2 
1875 2 1 1 1 2 2 2 
1876 2 1 1 1 2 2 2 
1877 2 1 1 1 1 1 1 
1878 2 1 1 1 1 1 1 
1879 2 1 1 1 1 1 1 
1880 2 1 1 1 2 2 2 
1881 2 1 1 1 1 1 1 
1882 2 1 1 1 1 1 1 
1883 2 1 1 1 1 1 1 
1884 2 1 1 1 2 2 2 
1885 2 1 1 1 1 1 1 
1886 2 1 1 1 1 1 1 
1887 2 1 1 1 1 1 1 
1888 3 2 3 3 3 3 3 
1889 3 2 2 2 2 2 2 
1890 3 2 2 2 2 2 2 
1891 2 1 1 1 2 2 2 
1892 3 2 2 2 2 2 2 
1893 2 1 1 1 1 1 1 
1894 2 1 1 1 1 1 1 
1895 2 1 1 1 1 1 1 
1896 3 2 2 2 2 2 2 
1897 2 1 1 1 1 1 1 
1898 2 1 1 1 1 1 1 
1899 2 1 1 1 1 1 1 
1900 2 1 2 2 2 2 2 
1901 2 1 1 1 1 1 1 
1902 2 1 1 1 1 1 1 
1903 2 1 1 1 1 1 1 
1904 3 2 2 2 3 3 3 
1905 3 2 2 2 2 2 2 
1906 3 2 2 2 2 2 2 
1907 2 1 1 1 2 2 2 
1908 2 1 1 1 2 2 2 
1909 2 1 1 1 1 1 1 
1910 2 1 1 1 1 1 1 
1911 2 1 1 1 1 1 1 
1912 2 1 1 1 2 2 2 
1913 2 1 1 1 1 1 1 
1914 2 1 1 1 1 1 1 
1915 2 1 1 1 1 1 1 
1916 2 1 1 1 2 2 2 
1917 2 1 1 1 1 1 1 
1918 2 1 1 1 1 1 1 
1919 2 1 1 1 1 1 1 
1920 3 3 3 3 3 3 3 
1921 3 2 2 2 2 2 2 
1922 3 2 2 2 2 2 2 
1923 2 1 1 1 2 2 2 
1924 3 2 2 2 2 2 2 
1925 2 1 1 1 1 1 1 
1926 2 1 1 1 1 1 1 
1927 2 1 1 1 1 1 1 
1928 3 2 2 2 2 2 2 
1929 2 1 1 1 1 1 1 
1930 2 1 1 1 1 1 1 
1931 2 1 1 1 1 1 1 
1932 2 1 2 2 2 2 2 
1933 2 1 1 1 1 1 1 
1934 2 1 1 1 1 1 1 
1935 2 1 1 1 1 1 1 
1936 3 2 2 2 3 3 3 
1937 3 2 2 2 2 2 2 
1938 3 2 2 2 2 2 2 
1939 2 1 1 1 2 2 2 
1940 2 1 1 1 2 2 2 
1941 2 1 1 1 1 1 1 
1942 2 1 1 1 1 1 1 
1943 2 1 1 1 1 1 1 
1944 2 1 1 1 2 2 2 
1945 2 1 1 1 1 1 1 
1946 2 1 1 1 1 1 1 
1947 2 1 1 1 1 1 1 
1948 2 1 1 1 2 2 2 
1949 2 1 1 1 1 1 1 
1950 2 1 1 1 1 1 1 
1951 2 1 1 1 1 1 1 
1952 3 2 3 3 3 3 3 
1953 3 2 2 2 2 2 2 
1954 3 2 2 2 2 2 2 
1955 2 1 1 1 2 2 2 
1956 3 2 2 2 2 2 2 
1957 2 1 1 1 1 1 1 
1958 2 1 1 1 1 1 1 
1959 2 1 1 1 1 1 1 
1960 3 2 2 2 2 2 2 
1961 2 1 1 1 1 1 1 
1962 2 1 1 1 1 1 1 
1963 2 1 1 1 1 1 1 
1964 2 1 2 2 2 2 2 
1965 2 1 1 1 1 1 1 
1966 2 1 1 1 1 1 1 
1967 2 1 1 1 1 1 1 
1968 3 2 2 2 3 3 3 
1969 3 2 2 2 2 2 2 
1970 3 2 2 2 2 2 2 
1971 2 1 1 1 2 2 2 
1972 2 1 1 1 2 2 2 
1973 2 1 1 1 1 1 1 
1974 2 1 1 1 1 1 1 
1975 2 1 1 1 1 1 1 
1976 2 1 1 1 2 2 2 
1977 2 1 1 1 1 1 1 
1978 2 1 1 1 1 1 1 
1979 2 1 1 1 1 1 1 
1980 2 1 1 1 2 2 2 
1981 2 1 1 1 1 1 1 
1982 2 1 1 1 1 1 1 
1983 2 1 1 1 1 1 1 
1984 3 2 2 2 2 2 2 
1985 3 2 2 2 1 1 1 
1986 3 2 2 2 1 1 1 
1987 2 1 1 1 1 1 1 
1988 3 2 1 1 1 1 1 
1989 2 1 1 1 1 1 1 
1990 2 1 1 1 1 1 1 
1991 2 1 1 1 1 1 1 
1992 3 2 1 1 1 1 1 
1993 2 1 1 1 1 1 1 
1994 2 1 1 1 1 1 1 
1995 2 1 1 1 1 1 1 
1996 2 1 1 1 1 1 1 
1997 2 1 1 1 1 1 1 
1998 2 1 1 1 1 1 1 
1999 2 1 1 1 1 1 1 
2000 3 2 2 2 2 2 2 
2001 3 2 2 2 1 1 1 
2002 3 2 2 2 1 1 1 
2003 2 1 1 1 1 1 1 
2004 2 1 1 1 1 1 1 
2005 2 1 1 1 1 1 1 
2006 2 1 1 1 1 1 1 
2007 2 1 1 1 1 1 1 
2008 2 1 1 1 1 1 1 
2009 2 1 1 1 1 1 1 
2010 2 1 1 1 1 1 1 
2011 2 1 1 1 1 1 1 
2012 2 1 1 1 1 1 1 
2013 2 1 1 1 1 1 1 
2014 2 1 1 1 1 1 1 
2015 2 1 1 1 1 1 1 
2016 3 2 2 2 2 2 2 
2017 3 2 2 2 1 1 1 
2018 3 2 2 2 1 1 1 
2019 2 1 1 1 1 1 1 
2020 3 2 1 1 1 1 1 
2021 2 1 1 1 1 1 1 
2022 2 1 1 1 1 1 1 
2023 2 1 1 1 1 1 1 
2024 3 2 1 1 1 1 1 
2025 2 1 1 1 1 1 1 
2026 2 1 1 1 1 1 1 
2027 2 1 1 1 1 1 1 
2028 2 1 1 1 1 1 1 
2029 2 1 1 1 1 1 1 
2030 2 1 1 1 1 1 1 
2031 2 1 1 1 1 1 1 
2032 3 2 2 2 2 2 2 
2033 3 2 2 2 1 1 1 
2034 3 2 2 2 1 1 1 
2035 2 1 1 1 1 1 1 
2036 2 1 1 1 1 1 1 
2037 2 1 1 1 1 1 1 
2038 2 1 1 1 1 1 1 
2039 2 1 1 1 1 1 1 
2040 2 1 1 1 1 1 1 
2041 2 1 1 1 1 1 1 
2042 2 1 1 1 1 1 1 
2043 2 1 1 1 1 1 1 
2044 2 1 1 1 1 1 1 
2045 2 1 1 1 1 1 1 
2046 2 1 1 1 1 1 1 
2047 2 1 1 1 1 1 1 
2048 4 4 4 4 4 4 4 
2049 4 4 4 4 3 4 4 
2050 4 4 4 4 3 4 4 
2051 3 3 3 3 3 3 3 
2052 4 4 4 3 3 3 4 
2053 3 3 3 3 2 3 3 
2054 3 3 3 3 2 3 3 
2055 3 2 2 2 2 2 2 
2056 4 4 4 3 3 3 4 
2057 3 3 3 3 2 3 3 
2058 3 3 3 3 2 3 3 
2059 3 2 2 2 2 2 2 
2060 3 3 3 3 3 3 3 
2061 3 3 3 3 2 3 3 
2062 3 3 3 3 2 3 3 
2063 3 2 2 2 2 2 2 
2064 4 4 4 4 4 4 4 
2065 4 4 4 4 3 4 4 
2066 4 4 4 4 3 4 4 
2067 3 3 3 3 3 3 3 
2068 3 3 3 3 3 3 3 
2069 3 3 3 3 2 3 3 
2070 3 3 3 3 2 3 3 
2071 3 2 2 2 2 2 2 
2072 3 3 3 3 3 3 3 
2073 3 3 3 3 2 3 3 
2074 3 3 3 3 2 3 3 
2075 3 2 2 2 2 2 2 
2076 3 3 3 3 3 3 3 
2077 3 3 3 3 2 3 3 
2078 3 3 3 3 2 3 3 
2079 3 2 2 2 2 2 2 
2080 4 4 4 4 4 4 4 
2081 4 4 4 4 3 4 4 
2082 4 4 4 4 3 4 4 
2083 3 3 3 3 3 3 3 
2084 4 4 4 3 3 3 4 
2085 3 3 3 3 2 3 3 
2086 3 3 3 3 2 3 3 
2087 3 2 2 2 2 2 2 
2088 4 4 4 3 3 3 4 
2089 3 3 3 3 2 3 3 
2090 3 3 3 3 2 3 3 
2091 3 2 2 2 2 2 2 
2092 3 3 3 3 3 3 3 
2093 3 3 3 3 2 3 3 
2094 3 3 3 3 2 3 3 
2095 3 2 2 2 2 2 2 
2096 4 4 4 4 4 4 4 
2097 4 4 4 4 3 4 4 
2098 4 4 4 4 3 4 4 
2099 3 3 3 3 3 3 3 
2100 3 3 3 3 3 3 3 
2101 3 3 3 3 2 3 3 
2102 3 3 3 3 2 3 3 
2103 3 2 2 2 2 2 2 
2104 3 3 3 3 3 3 3 
2105 3 3 3 3 2 3 3 
2106 3 3 3 3 2 3 3 
2107 3 2 2 2 2 2 2 
2108 3 3 3 3 3 3 3 
2109 3 3 3 3 2 3 3 
2110 3 3 3 3 2 3 3 
2111 3 2 2 2 2 2 2 
2112 4 4 4 4 4 4 4 
2113 4 3 3 3 3 3 3 
2114 4 3 3 3 3 3 3 
2115 3 2 2 2 3 3 3 
2116 4 3 3 3 3 3 3 
2117 3 2 2 2 2 2 2 
2118 3 2 2 2 2 2 2 
2119 3 1 1 1 2 2 2 
2120 4 3 3 3 3 3 3 
2121 3 2 2 2 2 2 2 
2122 3 2 2 2 2 2 2 
2123 3 1 1 1 2 2 2 
2124 3 2 3 3 3 3 3 
2125 3 2 2 2 2 2 2 
2126 3 2 2 2 2 2 2 
2127 3 1 1 1 2 2 2 
2128 4 3 3 3 4 4 4 
2129 4 3 3 3 3 3 3 
2130 4 3 3 3 3 3 3 
2131 3 2 2 2 3 3 3 
2132 3 2 2 2 3 3 3 
2133 3 2 2 2 2 2 2 
2134 3 2 2 2 2 2 2 
2135 3 1 1 1 2 2 2 
2136 3 2 2 2 3 3 3 
2137 3 2 2 2 2 2 2 
2138 3 2 2 2 2 2 2 
2139 3 1 1 1 2 2 2 
2140 3 2 2 2 3 3 3 
2141 3 2 2 2 2 2 2 
2142 3 2 2 2 2 2 2 
2143 3 1 1 1 2 2 2 
2144 4 3 4 4 4 4 4 
2145 4 3 3 3 3 3 3 
2146 4 3 3 3 3 3 3 
2147 3 2 2 2 3 3 3 
2148 4 3 3 3 3 3 3 
2149 3 2 2 2 2 2 2 
2150 3 2 2 2 2 2 2 
2151 3 1 1 1 2 2 2 
2152 4 3 3 3 3 3 3 
2153 3 2 2 2 2 2 2 
2154 3 2 2 2 2 2 2 
2155 3 1 1 1 2 2 2 
2156 3 2 3 3 3 3 3 
2157 3 2 2 2 2 2 2 
2158 3 2 2 2 2 2 2 
2159 3 1 1 1 2 2 2 
2160 4 3 3 3 4 4 4 
2161 4 3 3 3 3 3 3 
2162 4 3 3 3 3 3 3 
2163 3 2 2 2 3 3 3 
2164 3 2 2 2 3 3 3 
2165 3 2 2 2 2 2 2 
2166 3 2 2 2 2 2 2 
2167 3 1 1 1 2 2 2 
2168 3 2 2 2 3 3 3 
2169 3 2 2 2 2 2 2 
2170 3 2 2 2 2 2 2 
2171 3 1 1 1 2 2 2 
2172 3 2 2 2 3 3 3 
2173 3 2 2 2 2 2 2 
2174 3 2 2 2 2 2 2 
2175 3 1 1 1 2 2 2 
2176 4 4 4 4 4 4 4 
2177 4 3 3 3 3 3 3 
2178 4 3 3 3 3 3 3 
2179 3 2 2 2 3 3 3 
2180 4 3 3 3 3 3 3 
2181 3 2 2 2 2 2 2 
2182 3 2 2 2 2 2 2 
2183 3 1 1 1 2 2 2 
2184 4 3 3 3 3 3 3 
2185 3 2 2 2 2 2 2 
2186 3 2 2 2 2 2 2 
2187 3 1 1 1 2 2 2 
2188 3 2 3 3 3 3 3 
2189 3 2 2 2 2 2 2 
2190 3 2 2 2 2 2 2 
2191 3 1 1 1 2 2 2 
2192 4 3 3 3 4 4 4 
2193 4 3 3 3 3 3 3 
2194 4 3 3 3 3 3 3 
2195 3 2 2 2 3 3 3 
2196 3 2 2 2 3 3 3 
2197 3 2 2 2 2 2 2 
2198 3 2 2 2 2 2 2 
2199 3 1 1 1 2 2 2 
2200 3 2 2 2 3 3 3 
2201 3 2 2 2 2 2 2 
2202 3 2 2 2 2 2 2 
2203 3 1 1 1 2 2 2 
2204 3 2 2 2 3 3 3 
2205 3 2 2 2 2 2 2 
2206 3 2 2 2 2 2 2 
2207 3 1 1 1 2 2 2 
2208 4 3 4 4 4 4 4 
2209 4 3 3 3 3 3 3 
2210 4 3 3 3 3 3 3 
2211 3 2 2 2 3 3 3 
2212 4 3 3 3 3 3 3 
2213 3 2 2 2 2 2 2 
2214 3 2 2 2 2 2 2 
2215 3 1 1 1 2 2 2 
2216 4 3 3 3 3 3 3 
2217 3 2 2 2 2 2 2 
2218 3 2 2 2 2 2 2 
2219 3 1 1 1 2 2 2 
2220 3 2 3 3 3 3 3 
2221 3 2 2 2 2 2 2 
2222 3 2 2 2 2 2 2 
2223 3 1 1 1 2 2 2 
2224 4 3 3 3 4 4 4 
2225 4 3 3 3 3 3 3 
2226 4 3 3 3 3 3 3 
2227 3 2 2 2 3 3 3 
2228 3 2 2 2 3 3 3 
2229 3 2 2 2 2 2 2 
2230 3 2 2 2 2 2 2 
2231 3 1 1 1 2 2 2 
2232 3 2 2 2 3 3 3 
2233 3 2 2 2 2 2 2 
2234 3 2 2 2 2 2 2 
2235 3 1 1 1 2 2 2 
2236 3 2 2 2 3 3 3 
2237 3 2 2 2 2 2 2 
2238 3 2 2 2 2 2 2 
2239 3 1 1 1 2 2 2 
2240 3 3 3 3 3 3 3 
2241 3 3 3 3 2 2 2 
2242 3 3 3 3 2 2 2 
2243 2 2 2 2 2 2 2 
2244 3 3 2 2 2 2 2 
2245 2 2 2 2 1 1 1 
2246 2 2 2 2 1 1 1 
2247 2 1 1 1 1 1 1 
2248 3 3 2 2 2 2 2 
2249 2 2 2 2 1 1 1 
2250 2 2 2 2 1 1 1 
2251 2 1 1 1 1 1 1 
2252 2 2 2 2 2 2 2 
2253 2 2 2 2 1 1 1 
2254 2 2 2 2 1 1 1 
2255 2 1 1 1 1 1 1 
2256 3 3 3 3 3 3 3 
2257 3 3 3 3 2 2 2 
2258 3 3 3 3 2 2 2 
2259 2 2 2 2 2 2 2 
2260 2 2 2 2 2 2 2 
2261 2 2 2 2 1 1 1 
2262 2 2 2 2 1 1 1 
2263 2 1 1 1 1 1 1 
2264 2 2 2 2 2 2 2 
2265 2 2 2 2 1 1 1 
2266 2 2 2 2 1 1 1 
2267 2 1 1 1 1 1 1 
2268 2 2 2 2 2 2 2 
2269 2 2 2 2 1 1 1 
2270 2 2 2 2 1 1 1 
2271 2 1 1 1 1 1 1 
2272 3 3 3 3 3 3 3 
2273 3 3 3 3 2 2 2 
2274 3 3 3 3 2 2 2 
2275 2 2 2 2 2 2 2 
2276 3 3 2 2 2 2 2 
2277 2 2 2 2 1 1 1 
2278 2 2 2 2 1 1 1 
2279 2 1 1 1 1 1 1 
2280 3 3 2 2 2 2 2 
2281 2 2 2 2 1 1 1 
2282 2 2 2 2 1 1 1 
2283 2 1 1 1 1 1 1 
2284 2 2 2 2 2 2 2 
2285 2 2 2 2 1 1 1 
2286 2 2 2 2 1 1 1 
2287 2 1 1 1 1 1 1 
2288 3 3 3 3 3 3 3 
2289 3 3 3 3 2 2 2 
2290 3 3 3 3 2 2 2 
2291 2 2 2 2 2 2 2 
2292 2 2 2 2 2 2 2 
2293 2 2 2 2 1 1 1 
2294 2 2 2 2 1 1 1 
2295 2 1 1 1 1 1 1 
2296 2 2 2 2 2 2 2 
2297 2 2 2 2 1 1 1 
2298 2 2 2 2 1 1 1 
2299 2 1 1 1 1 1 1 
2300 2 2 2 2 2 2 2 
2301 2 2 2 2 1 1 1 
2302 2 2 2 2 1 1 1 
2303 2 1 1 1 1 1 1 
2304 4 4 4 4 4 4 4 
2305 4 3 3 3 3 3 3 
2306 4 3 3 3 3 3 3 
2307 3 2 2 2 3 2 2 
2308 4 3 3 3 3 3 3 
2309 3 2 2 2 2 2 2 
2310 3 2 2 2 2 2 2 
2311 3 1 1 1 2 1 1 
2312 4 3 3 3 3 3 3 
2313 3 2 2 2 2 2 2 
2314 3 2 2 2 2 2 2 
2315 3 1 1 1 2 1 1 
2316 3 2 2 3 3 3 2 
2317 3 2 2 2 2 2 2 
2318 3 2 2 2 2 2 2 
2319 3 1 1 1 2 1 1 
2320 4 3 3 3 4 3 3 
2321 4 3 3 3 3 3 3 
2322 4 3 3 3 3 3 3 
2323 3 2 2 2 3 2 2 
2324 3 2 2 2 3 2 2 
2325 3 2 2 2 2 2 2 
2326 3 2 2 2 2 2 2 
2327 3 1 1 1 2 1 1 
2328 3 2 2 2 3 2 2 
2329 3 2 2 2 2 2 2 
2330 3 2 2 2 2 2 2 
2331 3 1 1 1 2 1 1 
2332 3 2 2 2 3 2 2 
2333 3 2 2 2 2 2 2 
2334 3 2 2 2 2 2 2 
2335 3 1 1 1 2 1 1 
2336 4 3 3 4 4 4 3 
2337 4 3 3 3 3 3 3 
2338 4 3 3 3 3 3 3 
2339 3 2 2 2 3 2 2 
2340 4 3 3 3 3 3 3 
2341 3 2 2 2 2 2 2 
2342 3 2 2 2 2 2 2 
2343 3 1 1 1 2 1 1 
2344 4 3 3 3 3 3 3 
2345 3 2 2 2 2 2 2 
2346 3 2 2 2 2 2 2 
2347 3 1 1 1 2 1 1 
2348 3 2 2 3 3 3 2 
2349 3 2 2 2 2 2 2 
2350 3 2 2 2 2 2 2 
2351 3 1 1 1 2 1 1 
2352 4 3 3 3 4 3 3 
2353 4 3 3 3 3 3 3 
2354 4 3 3 3 3 3 3 
2355 3 2 2 2 3 2 2 
2356 3 2 2 2 3 2 2 
2357 3 2 2 2 2 2 2 
2358 3 2 2 2 2 2 2 
2359 3 1 1 1 2 1 1 
2360 3 2 2 2 3 2 2 
2361 3 2 2 2 2 2 2 
2362 3 2 2 2 2 2 2 
2363 3 1 1 1 2 1 1 
2364 3 2 2 2 3 2 2 
2365 3 2 2 2 2 2 2 
2366 3 2 2 2 2 2 2 
2367 3 1 1 1 2 1 1 
2368 3 3 3 3 3 3 3 
2369 3 2 2 2 2 2 2 
2370 3 2 2 2 2 2 2 
2371 2 1 1 1 2 2 2 
2372 3 2 2 2 2 2 2 
2373 2 1 1 1 1 1 1 
2374 2 1 1 1 1 1 1 
2375 2 1 1 1 1 1 1 
2376 3 2 2 2 2 2 2 
2377 2 1 1 1 1 1 1 
2378 2 1 1 1 1 1 1 
2379 2 1 1 1 1 1 1 
2380 2 1 2 2 2 2 2 
2381 2 1 1 1 1 1 1 
2382 2 1 1 1 1 1 1 
2383 2 1 1 1 1 1 1 
2384 3 2 2 2 3 3 3 
2385 3 2 2 2 2 2 2 
2386 3 2 2 2 2 2 2 
2387 2 1 1 1 2 2 2 
2388 2 1 1 1 2 2 2 
2389 2 1 1 1 1 1 1 
2390 2 1 1 1 1 1 1 
2391 2 1 1 1 1 1 1 
2392 2 1 1 1 2 2 2 
2393 2 1 1 1 1 1 1 
2394 2 1 1 1 1 1 1 
2395 2 1 1 1 1 1 1 
2396 2 1 1 1 2 2 2 
2397 2 1 1 1 1 1 1 
2398 2 1 1 1 1 1 1 
2399 2 1 1 1 1 1 1 
2400 3 2 3 3 3 3 3 
2401 3 2 2 2 2 2 2 
2402 3 2 2 2 2 2 2 
2403 2 1 1 1 2 2 2 
2404 3 2 2 2 2 2 2 
2405 2 1 1 1 1 1 1 
2406 2 1 1 1 1 1 1 
2407 2 1 1 1 1 1 1 
2408 3 2 2 2 2 2 2 
2409 2 1 1 1 1 1 1 
2410 2 1 1 1 1 1 1 
2411 2 1 1 1 1 1 1 
2412 2 1 2 2 2 2 2 
2413 2 1 1 1 1 1 1 
2414 2 1 1 1 1 1 1 
2415 2 1 1 1 1 1 1 
2416 3 2 2 2 3 3 3 
2417 3 2 2 2 2 2 2 
2418 3 2 2 2 2 2 2 
2419 2 1 1 1 2 2 2 
2420 2 1 1 1 2 2 2 
2421 2 1 1 1 1 1 1 
2422 2 1 1 1 1 1 1 
2423 2 1 1 1 1 1 1 
2424 2 1 1 1 2 2 2 
2425 2 1 1 1 1 1 1 
2426 2 1 1 1 1 1 1 
2427 2 1 1 1 1 1 1 
2428 2 1 1 1 2 2 2 
2429 2 1 1 1 1 1 1 
2430 2 1 1 1 1 1 1 
2431 2 1 1 1 1 1 1 
2432 3 3 3 3 3 3 3 
2433 3 2 2 2 2 2 2 
2434 3 2 2 2 2 2 2 
2435 2 1 1 1 2 2 2 
2436 3 2 2 2 2 2 2 
2437 2 1 1 1 1 1 1 
2438 2 1 1 1 1 1 1 
2439 2 1 1 1 1 1 1 
2440 3 2 2 2 2 2 2 
2441 2 1 1 1 1 1 1 
2442 2 1 1 1 1 1 1 
2443 2 1 1 1 1 1 1 
2444 2 1 2 2 2 2 2 
2445 2 1 1 1 1 1 1 
2446 2 1 1 1 1 1 1 
2447 2 1 1 1 1 1 1 
2448 3 2 2 2 3 3 3 
2449 3 2 2 2 2 2 2 
2450 3 2 2 2 2 2 2 
2451 2 1 1 1 2 2 2 
2452 2 1 1 1 2 2 2 
2453 2 1 1 1 1 1 1 
2454 2 1 1 1 1 1 1 
2455 2 1 1 1 1 1 1 
2456 2 1 1 1 2 2 2 
2457 2 1 1 1 1 1 1 
2458 2 1 1 1 1 1 1 
2459 2 1 1 1 1 1 1 
2460 2 1 1 1 2 2 2 
2461 2 1 1 1 1 1 1 
2462 2 1 1 1 1 1 1 
2463 2 1 1 1 1 1 1 
2464 3 2 3 3 3 3 3 
2465 3 2 2 2 2 2 2 
2466 3 2 2 2 2 2 2 
2467 2 1 1 1 2 2 2 
2468 3 2 2 2 2 2 2 
2469 2 1 1 1 1 1 1 
2470 2 1 1 1 1 1 1 
2471 2 1 1 1 1 1 1 
2472 3 2 2 2 2 2 2 
2473 2 1 1 1 1 1 1 
2474 2 1 1 1 1 1 1 
2475 2 1 1 1 1 1 1 
2476 2 1 2 2 2 2 2 
2477 2 1 1 1 1 1 1 
2478 2 1 1 1 1 1 1 
2479 2 1 1 1 1 1 1 
2480 3 2 2 2 3 3 3 
2481 3 2 2 2 2 2 2 
2482 3 2 2 2 2 2 2 
2483 2 1 1 1 2 2 2 
2484 2 1 1 1 2 2 2 
2485 2 1 1 1 1 1 1 
2486 2 1 1 1 1 1 1 
2487 2 1 1 1 1 1 1 
2488 2 1 1 1 2 2 2 
2489 2 1 1 1 1 1 1 
2490 2 1 1 1 1 1 1 
2491 2 1 1 1 1 1 1 
2492 2 1 1 1 2 2 2 
2493 2 1 1 1 1 1 1 
2494 2 1 1 1 1 1 1 
2495 2 1 1 1 1 1 1 
2496 3 2 2 2 2 2 2 
2497 3 2 2 2 1 1 1 
2498 3 2 2 2 1 1 1 
2499 2 1 1 1 1 1 1 
2500 3 2 1 1 1 1 1 
2501 2 1 1 1 1 1 1 
2502 2 1 1 1 1 1 1 
2503 2 1 1 1 1 1 1 
2504 3 2 1 1 1 1 1 
2505 2 1 1 1 1 1 1 
2506 2 1 1 1 1 1 1 
2507 2 1 1 1 1 1 1 
2508 2 1 1 1 1 1 1 
2509 2 1 1 1 1 1 1 
2510 2 1 1 1 1 1 1 
2511 2 1 1 1 1 1 1 
2512 3 2 2 2 2 2 2 
2513 3 2 2 2 1 1 1 
2514 3 2 2 2 1 1 1 
2515 2 1 1 1 1 1 1 
2516 2 1 1 1 1 1 1 
2517 2 1 1 1 1 1 1 
2518 2 1 1 1 1 1 1 
2519 2 1 1 1 1 1 1 
2520 2 1 1 1 1 1 1 
2521 2 1 1 1 1 1 1 
2522 2 1 1 1 1 1 1 
2523 2 1 1 1 1 1 1 
2524 2 1 1 1 1 1 1 
2525 2 1 1 1 1 1 1 
2526 2 1 1 1 1 1 1 
2527 2 1 1 1 1 1 1 
2528 3 2 2 2 2 2 2 
2529 3 2 2 2 1 1 1 
2530 3 2 2 2 1 1 1 
2531 2 1 1 1 1 1 1 
2532 3 2 1 1 1 1 1 
2533 2 1 1 1 1 1 1 
2534 2 1 1 1 1 1 1 
2535 2 1 1 1 1 1 1 
2536 3 2 1 1 1 1 1 
2537 2 1 1 1 1 1 1 
2538 2 1 1 1 1 1 1 
2539 2 1 1 1 1 1 1 
2540 2 1 1 1 1 1 1 
2541 2 1 1 1 1 1 1 
2542 2 1 1 1 1 1 1 
2543 2 1 1 1 1 1 1 
2544 3 2 2 2 2 2 2 
2545 3 2 2 2 1 1 1 
2546 3 2 2 2 1 1 1 
2547 2 1 1 1 1 1 1 
2548 2 1 1 1 1 1 1 
2549 2 1 1 1 1 1 1 
2550 2 1 1 1 1 1 1 
2551 2 1 1 1 1 1 1 
2552 2 1 1 1 1 1 1 
2553 2 1 1 1 1 1 1 
2554 2 1 1 1 1 1 1 
2555 2 1 1 1 1 1 1 
2556 2 1 1 1 1 1 1 
2557 2 1 1 1 1 1 1 
2558 2 1 1 1 1 1 1 
2559 2 1 1 1 1 1 1 
2560 4 4 4 4 4 4 4 
2561 4 3 3 3 3 3 3 
2562 4 3 3 3 3 3 3 
2563 3 2 2 2 3 2 2 
2564 4 3 3 3 3 3 3 
2565 3 2 2 2 2 2 2 
2566 3 2 2 2 2 2 2 
2567 3 1 1 1 2 1 1 
2568 4 3 3 3 3 3 3 
2569 3 2 2 2 2 2 2 
2570 3 2 2 2 2 2 2 
2571 3 1 1 1 2 1 1 
2572 3 2 2 3 3 3 2 
2573 3 2 2 2 2 2 2 
2574 3 2 2 2 2 2 2 
2575 3 1 1 1 2 1 1 
2576 4 3 3 3 4 3 3 
2577 4 3 3 3 3 3 3 
2578 4 3 3 3 3 3 3 
2579 3 2 2 2 3 2 2 
2580 3 2 2 2 3 2 2 
2581 3 2 2 2 2 2 2 
2582 3 2 2 2 2 2 2 
2583 3 1 1 1 2 1 1 
2584 3 2 2 2 3 2 2 
2585 3 2 2 2 2 2 2 
2586 3 2 2 2 2 2 2 
2587 3 1 1 1 2 1 1 
2588 3 2 2 2 3 2 2 
2589 3 2 2 2 2 2 2 
2590 3 2 2 2 2 2 2 
2591 3 1 1 1 2 1 1 
2592 4 3 3 4 4 4 3 
2593 4 3 3 3 3 3 3 
2594 4 3 3 3 3 3 3 
2595 3 2 2 2 3 2 2 
2596 4 3 3 3 3 3 3 
2597 3 2 2 2 2 2 2 
2598 3 2 2 2 2 2 2 
2599 3 1 1 1 2 1 1 
2600 4 3 3 3 3 3 3 
2601 3 2 2 2 2 2 2 
2602 3 2 2 2 2 2 2 
2603 3 1 1 1 2 1 1 
2604 3 2 2 3 3 3 2 
2605 3 2 2 2 2 2 2 
2606 3 2 2 2 2 2 2 
2607 3 1 1 1 2 1 1 
2608 4 3 3 3 4 3 3 
2609 4 3 3 3 3 3 3 
2610 4 3 3 3 3 3 3 
2611 3 2 2 2 3 2 2 
2612 3 2 2 2 3 2 2 
2613 3 2 2 2 2 2 2 
2614 3 2 2 2 2 2 2 
2615 3 1 1 1 2 1 1 
2616 3 2 2 2 3 2 2 
2617 3 2 2 2 2 2 2 
2618 3 2 2 2 2 2 2 
2619 3 1 1 1 2 1 1 
2620 3 2 2 2 3 2 2 
2621 3 2 2 2 2 2 2 
2622 3 2 2 2 2 2 2 
2623 3 1 1 1 2 1 1 
2624 3 3 3 3 3 3 3 
2625 3 2 2 2 2 2 2 
2626 3 2 2 2 2 2 2 
2627 2 1 1 1 2 2 2 
2628 3 2 2 2 2 2 2 
2629 2 1 1 1 1 1 1 
2630 2 1 1 1 1 1 1 
2631 2 1 1 1 1 1 1 
2632 3 2 2 2 2 2 2 
2633 2 1 1 1 1 1 1 
2634 2 1 1 1 1 1 1 
2635 2 1 1 1 1 1 1 
2636 2 1 2 2 2 2 2 
2637 2 1 1 1 1 1 1 
2638 2 1 1 1 1 1 1 
2639 2 1 1 1 1 1 1 
2640 3 2 2 2 3 3 3 
2641 3 2 2 2 2 2 2 
2642 3 2 2 2 2 2 2 
2643 2 1 1 1 2 2 2 
2644 2 1 1 1 2 2 2 
2645 2 1 1 1 1 1 1 
2646 2 1 1 1 1 1 1 
2647 2 1 1 1 1 1 1 
2648 2 1 1 1 2 2 2 
2649 2 1 1 1 1 1 1 
2650 2 1 1 1 1 1 1 
2651 2 1 1 1 1 1 1 
2652 2 1 1 1 2 2 2 
2653 2 1 1 1 1 1 1 
2654 2 1 1 1 1 1 1 
2655 2 1 1 1 1 1 1 
2656 3 2 3 3 3 3 3 
2657 3 2 2 2 2 2 2 
2658 3 2 2 2 2 2 2 
2659 2 1 1 1 2 2 2 
2660 3 2 2 2 2 2 2 
2661 2 1 1 1 1 1 1 
2662 2 1 1 1 1 1 1 
2663 2 1 1 1 1 1 1 
2664 3 2 2 2 2 2 2 
2665 2 1 1 1 1 1 1 
2666 2 1 1 1 1 1 1 
2667 2 1 1 1 1 1 1 
2668 2 1 2 2 2 2 2 
2669 2 1 1 1 1 1 1 
2670 2 1 1 1 1 1 1 
2671 2 1 1 1 1 1 1 
2672 3 2 2 2 3 3 3 
2673 3 2 2 2 2 2 2 
2674 3 2 2 2 2 2 2 
2675 2 1 1 1 2 2 2 
2676 2 1 1 1 2 2 2 
2677 2 1 1 1 1 1 1 
2678 2 1 1 1 1 1 1 
2679 2 1 1 1 1 1 1 
2680 2 1 1 1 2 2 2 
2681 2 1 1 1 1 1 1 
2682 2 1 1 1 1 1 1 
2683 2 1 1 1 1 1 1 
2684 2 1 1 1 2 2 2 
2685 2 1 1 1 1 1 1 
2686 2 1 1 1 1 1 1 
2687 2 1 1 1 1 1 1 
2688 3 3 3 3 3 3 3 
2689 3 2 2 2 2 2 2 
2690 3 2 2 2 2 2 2 
2691 2 1 1 1 2 2 2 
2692 3 2 2 2 2 2 2 
2693 2 1 1 1 1 1 1 
2694 2 1 1 1 1 1 1 
2695 2 1 1 1 1 1 1 
2696 3 2 2 2 2 2 2 
2697 2 1 1 1 1 1 1 
2698 2 1 1 1 1 1 1 
2699 2 1 1 1 1 1 1 
2700 2 1 2 2 2 2 2 
2701 2 1 1 1 1 1 1 
2702 2 1 1 1 1 1 1 
2703 2 1 1 1 1 1 1 
2704 3 2 2 2 3 3 3 
2705 3 2 2 2 2 2 2 
2706 3 2 2 2 2 2 2 
2707 2 1 1 1 2 2 2 
2708 2 1 1 1 2 2 2 
2709 2 1 1 1 1 1 1 
2710 2 1 1 1 1 1 1 
2711 2 1 1 1 1 1 1 
2712 2 1 1 1 2 2 2 
2713 2 1 1 1 1 1 1 
2714 2 1 1 1 1 1 1 
2715 2 1 1 1 1 1 1 
2716 2 1 1 1 2 2 2 
2717 2 1 1 1 1 1 1 
2718 2 1 1 1 1 1 1 
2719 2 1 1 1 1 1 1 
2720 3 2 3 3 3 3 3 
2721 3 2 2 2 2 2 2 
2722 3 2 2 2 2 2 2 
2723 2 1 1 1 2 2 2 
2724 3 2 2 2 2 2 2 
2725 2 1 1 1 1 1 1 
2726 2 1 1 1 1 1 1 
2727 2 1 1 1 1 1 1 
2728 3 2 2 2 2 2 2 
2729 2 1 1 1 1 1 1 
2730 2 1 1 1 1 1 1 
2731 2 1 1 1 1 1 1 
2732 2 1 2 2 2 2 2 
2733 2 1 1 1 1 1 1 
2734 2 1 1 1 1 1 1 
2735 2 1 1 1 1 1 1 
2736 3 2 2 2 3 3 3 
2737 3 2 2 2 2 2 2 
2738 3 2 2 2 2 2 2 
2739 2 1 1 1 2 2 2 
2740 2 1 1 1 2 2 2 
2741 2 1 1 1 1 1 1 
2742 2 1 1 1 1 1 1 
2743 2 1 1 1 1 1 1 
2744 2 1 1 1 2 2 2 
2745 2 1 1 1 1 1 1 
2746 2 1 1 1 1 1 1 
2747 2 1 1 1 1 1 1 
2748 2 1 1 1 2 2 2 
2749 2 1 1 1 1 1 1 
2750 2 1 1 1 1 1 1 
2751 2 1 1 1 1 1 1 
2752 3 2 2 2 2 2 2 
2753 3 2 2 2 1 1 1 
2754 3 2 2 2 1 1 1 
2755 2 1 1 1 1 1 1 
2756 3 2 1 1 1 1 1 
2757 2 1 1 1 1 1 1 
2758 2 1 1 1 1 1 1 
2759 2 1 1 1 1 1 1 
2760 3 2 1 1 1 1 1 
2761 2 1 1 1 1 1 1 
2762 2 1 1 1 1 1 1 
2763 2 1 1 1 1 1 1 
2764 2 1 1 1 1 1 1 
2765 2 1 1 1 1 1 1 
2766 2 1 1 1 1 1 1 
2767 2 1 1 1 1 1 1 
2768 3 2 2 2 2 2 2 
2769 3 2 2 2 1 1 1 
2770 3 2 2 2 1 1 1 
2771 2 1 1 1 1 1 1 
2772 2 1 1 1 1 1 1 
2773 2 1 1 1 1 1 1 
2774 2 1 1 1 1 1 1 
2775 2 1 1 1 1 1 1 
2776 2 1 1 1 1 1 1 
2777 2 1 1 1 1 1 1 
2778 2 1 1 1 1 1 1 
2779 2 1 1 1 1 1 1 
2780 2 1 1 1 1 1 1 
2781 2 1 1 1 1 1 1 
2782 2 1 1 1 1 1 1 
2783 2 1 1 1 1 1 1 
2784 3 2 2 2 2 2 2 
2785 3 2 2 2 1 1 1 
2786 3 2 2 2 1 1 1 
2787 2 1 1 1 1 1 1 
2788 3 2 1 1 1 1 1 
2789 2 1 1 1 1 1 1 
2790 2 1 1 1 1 1 1 
2791 2 1 1 1 1 1 1 
2792 3 2 1 1 1 1 1 
2793 2 1 1 1 1 1 1 
2794 2 1 1 1 1 1 1 
2795 2 1 1 1 1 1 1 
2796 2 1 1 1 1 1 1 
2797 2 1 1 1 1 1 1 
2798 2 1 1 1 1 1 1 
2799 2 1 1 1 1 1 1 
2800 3 2 2 2 2 2 2 
2801 3 2 2 2 1 1 1 
2802 3 2 2 2 1 1 1 
2803 2 1 1 1 1 1 1 
2804 2 1 1 1 1 1 1 
2805 2 1 1 1 1 1 1 
2806 2 1 1 1 1 1 1 
2807 2 1 1 1 1 1 1 
2808 2 1 1 1 1 1 1 
2809 2 1 1 1 1 1 1 
2810 2 1 1 1 1 1 1 
2811 2 1 1 1 1 1 1 
2812 2 1 1 1 1 1 1 
2813 2 1 1 1 1 1 1 
2814 2 1 1 1 1 1 1 
2815 2 1 1 1 1 1 1 
2816 3 3 3 3 3 3 3 
2817 3 3 3 3 2 3 3 
2818 3 3 3 3 2 3 3 
2819 2 2 2 2 2 2 2 
2820 3 3 3 2 2 2 3 
2821 2 2 2 2 1 2 2 
2822 2 2 2 2 1 2 2 
2823 2 1 1 1 1 1 1 
2824 3 3 3 2 2 2 3 
2825 2 2 2 2 1 2 2 
2826 2 2 2 2 1 2 2 
2827 2 1 1 1 1 1 1 
2828 2 2 2 2 2 2 2 
2829 2 2 2 2 1 2 2 
2830 2 2 2 2 1 2 2 
2831 2 1 1 1 1 1 1 
2832 3 3 3 3 3 3 3 
2833 3 3 3 3 2 3 3 
2834 3 3 3 3 2 3 3 
2835 2 2 2 2 2 2 2 
2836 2 2 2 2 2 2 2 
2837 2 2 2 2 1 2 2 
2838 2 2 2 2 1 2 2 
2839 2 1 1 1 1 1 1 
2840 2 2 2 2 2 2 2 
2841 2 2 2 2 1 2 2 
2842 2 2 2 2 1 2 2 
2843 2 1 1 1 1 1 1 
2844 2 2 2 2 2 2 2 
2845 2 2 2 2 1 2 2 
2846 2 2 2 2 1 2 2 
2847 2 1 1 1 1 1 1 
2848 3 3 3 3 3 3 3 
2849 3 3 3 3 2 3 3 
2850 3 3 3 3 2 3 3 
2851 2 2 2 2 2 2 2 
2852 3 3 3 2 2 2 3 
2853 2 2 2 2 1 2 2 
2854 2 2 2 2 1 2 2 
2855 2 1 1 1 1 1 1 
2856 3 3 3 2 2 2 3 
2857 2 2 2 2 1 2 2 
2858 2 2 2 2 1 2 2 
2859 2 1 1 1 1 1 1 
2860 2 2 2 2 2 2 2 
2861 2 2 2 2 1 2 2 
2862 2 2 2 2 1 2 2 
2863 2 1 1 1 1 1 1 
2864 3 3 3 3 3 3 3 
2865 3 3 3 3 2 3 3 
2866 3 3 3 3 2 3 3 
2867 2 2 2 2 2 2 2 
2868 2 2 2 2 2 2 2 
2869 2 2 2 2 1 2 2 
2870 2 2 2 2 1 2 2 
2871 2 1 1 1 1 1 1 
2872 2 2 2 2 2 2 2 
2873 2 2 2 2 1 2 2 
2874 2 2 2 2 1 2 2 
2875 2 1 1 1 1 1 1 
2876 2 2 2 2 2 2 2 
2877 2 2 2 2 1 2 2 
2878 2 2 2 2 1 2 2 
2879 2 1 1 1 1 1 1 
2880 3 3 3 3 3 3 3 
2881 3 2 2 2 2 2 2 
2882 3 2 2 2 2 2 2 
2883 2 1 1 1 2 2 2 
2884 3 2 2 2 2 2 2 
2885 2 1 1 1 1 1 1 
2886 2 1 1 1 1 1 1 
2887 2 1 1 1 1 1 1 
2888 3 2 2 2 2 2 2 
2889 2 1 1 1 1 1 1 
2890 2 1 1 1 1 1 1 
2891 2 1 1 1 1 1 1 
2892 2 1 2 2 2 2 2 
2893 2 1 1 1 1 1 1 
2894 2 1 1 1 1 1 1 
2895 2 1 1 1 1 1 1 
2896 3 2 2 2 3 3 3 
2897 3 2 2 2 2 2 2 
2898 3 2 2 2 2 2 2 
2899 2 1 1 1 2 2 2 
2900 2 1 1 1 2 2 2 
2901 2 1 1 1 1 1 1 
2902 2 1 1 1 1 1 1 
2903 2 1 1 1 1 1 1 
2904 2 1 1 1 2 2 2 
2905 2 1 1 1 1 1 1 
2906 2 1 1 1 1 1 1 
2907 2 1 1 1 1 1 1 
2908 2 1 1 1 2 2 2 
2909 2 1 1 1 1 1 1 
2910 2 1 1 1 1 1 1 
2911 2 1 1 1 1 1 1 
2912 3 2 3 3 3 3 3 
2913 3 2 2 2 2 2 2 
2914 3 2 2 2 2 2 2 
2915 2 1 1 1 2 2 2 
2916 3 2 2 2 2 2 2 
2917 2 1 1 1 1 1 1 
2918 2 1 1 1 1 1 1 
2919 2 1 1 1 1 1 1 
2920 3 2 2 2 2 2 2 
2921 2 1 1 1 1 1 1 
2922 2 1 1 1 1 1 1 
2923 2 1 1 1 1 1 1 
2924 2 1 2 2 2 2 2 
2925 2 1 1 1 1 1 1 
2926 2 1 1 1 1 1 1 
2927 2 1 1 1 1 1 1 
2928 3 2 2 2 3 3 3 
2929 3 2 2 2 2 2 2 
2930 3 2 2 2 2 2 2 
2931 2 1 1 1 2 2 2 
2932 2 1 1 1 2 2 2 
2933 2 1 1 1 1 1 1 
2934 2 1 1 1 1 1 1 
2935 2 1 1 1 1 1 1 
2936 2 1 1 1 2 2 2 
2937 2 1 1 1 1 1 1 
2938 2 1 1 1 1 1 1 
2939 2 1 1 1 1 1 1 
2940 2 1 1 1 2 2 2 
2941 2 1 1 1 1 1 1 
2942 2 1 1 1 1 1 1 
2943 2 1 1 1 1 1 1 
2944 3 3 3 3 3 3 3 
2945 3 2 2 2 2 2 2 
2946 3 2 2 2 2 2 2 
2947 2 1 1 1 2 2 2 
2948 3 2 2 2 2 2 2 
2949 2 1 1 1 1 1 1 
2950 2 1 1 1 1 1 1 
2951 2 1 1 1 1 1 1 
2952 3 2 2 2 2 2 2 
2953 2 1 1 1 1 1 1 
2954 2 1 1 1 1 1 1 
2955 2 1 1 1 1 1 1 
2956 2 1 2 2 2 2 2 
2957 2 1 1 1 1 1 1 
2958 2 1 1 1 1 1 1 
2959 2 1 1 1 1 1 1 
2960 3 2 2 2 3 3 3 
2961 3 2 2 2 2 2 2 
2962 3 2 2 2 2 2 2 
2963 2 1 1 1 2 2 2 
2964 2 1 1 1 2 2 2 
2965 2 1 1 1 1 1 1 
2966 2 1 1 1 1 1 1 
2967 2 1 1 1 1 1 1 
2968 2 1 1 1 2 2 2 
2969 2 1 1 1 1 1 1 
2970 2 1 1 1 1 1 1 
2971 2 1 1 1 1 1 1 
2972 2 1 1 1 2 2 2 
2973 2 1 1 1 1 1 1 
2974 2 1 1 1 1 1 1 
2975 2 1 1 1 1 1 1 
2976 3 2 3 3 3 3 3 
2977 3 2 2 2 2 2 2 
2978 3 2 2 2 2 2 2 
2979 2 1 1 1 2 2 2 
2980 3 2 2 2 2 2 2 
2981 2 1 1 1 1 1 1 
2982 2 1 1 1 1 1 1 
2983 2 1 1 1 1 1 1 
2984 3 2 2 2 2 2 2 
2985 2 1 1 1 1 1 1 
2986 2 1 1 1 1 1 1 
2987 2 1 1 1 1 1 1 
2988 2 1 2 2 2 2 2 
2989 2 1 1 1 1 1 1 
2990 2 1 1 1 1 1 1 
2991 2 1 1 1 1 1 1 
2992 3 2 2 2 3 3 3 
2993 3 2 2 2 2 2 2 
2994 3 2 2 2 2 2 2 
2995 2 1 1 1 2 2 2 
2996 2 1 1 1 2 2 2 
2997 2 1 1 1 1 1 1 
2998 2 1 1 1 1 1 1 
2999 2 1 1 1 1 1 1 
3000 2 1 1 1 2 2 2 
3001 2 1 1 1 1 1 1 
3002 2 1 1 1 1 1 1 
3003 2 1 1 1 1 1 1 
3004 2 1 1 1 2 2 2 
3005 2 1 1 1 1 1 1 
3006 2 1 1 1 1 1 1 
3007 2 1 1 1 1 1 1 
3008 3 2 2 2 2 2 2 
3009 3 2 2 2 1 1 1 
3010 3 2 2 2 1 1 1 
3011 2 1 1 1 1 1 1 
3012 3 2 1 1 1 1 1 
3013 2 1 1 1 1 1 1 
3014 2 1 1 1 1 1 1 
3015 2 1 1 1 1 1 1 
3016 3 2 1 1 1 1 1 
3017 2 1 1 1 1 1 1 
3018 2 1 1 1 1 1 1 
3019 2 1 1 1 1 1 1 
3020 2 1 1 1 1 1 1 
3021 2 1 1 1 1 1 1 
3022 2 1 1 1 1 1 1 
3023 2 1 1 1 1 1 1 
3024 3 2 2 2 2 2 2 
3025 3 2 2 2 1 1 1 
3026 3 2 2 2 1 1 1 
3027 2 1 1 1 1 1 1 
3028 2 1 1 1 1 1 1 
3029 2 1 1 1 1 1 1 
3030 2 1 1 1 1 1 1 
3031 2 1 1 1 1 1 1 
3032 2 1 1 1 1 1 1 
3033 2 1 1 1 1 1 1 
3034 2 1 1 1 1 1 1 
3035 2 1 1 1 1 1 1 
3036 2 1 1 1 1 1 1 
3037 2 1 1 1 1 1 1 
3038 2 1 1 1 1 1 1 
3039 2 1 1 1 1 1 1 
3040 3 2 2 2 2 2 2 
3041 3 2 2 2 1 1 1 
3042 3 2 2 2 1 1 1 
3043 2 1 1 1 1 1 1 
3044 3 2 1 1 1 1 1 
3045 2 1 1 1 1 1 1 
3046 2 1 1 1 1 1 1 
3047 2 1 1 1 1 1 1 
3048 3 2 1 1 1 1 1 
3049 2 1 1 1 1 1 1 
3050 2 1 1 1 1 1 1 
3051 2 1 1 1 1 1 1 
3052 2 1 1 1 1 1 1 
3053 2 1 1 1 1 1 1 
3054 2 1 1 1 1 1 1 
3055 2 1 1 1 1 1 1 
3056 3 2 2 2 2 2 2 
3057 3 2 2 2 1 1 1 
3058 3 2 2 2 1 1 1 
3059 2 1 1 1 1 1 1 
3060 2 1 1 1 1 1 1 
3061 2 1 1 1 1 1 1 
3062 2 1 1 1 1 1 1 
3063 2 1 1 1 1 1 1 
3064 2 1 1 1 1 1 1 
3065 2 1 1 1 1 1 1 
3066 2 1 1 1 1 1 1 
3067 2 1 1 1 1 1 1 
3068 2 1 1 1 1 1 1 
3069 2 1 1 1 1 1 1 
3070 2 1 1 1 1 1 1 
3071 2 1 1 1 1 1 1 
3072 4 4 4 4 4 4 4 
3073 4 4 4 4 3 3 3 
3074 4 4 4 4 3 3 3 
3075 3 3 3 3 3 3 3 
3076 4 4 3 3 3 3 3 
3077 3 3 3 3 2 2 2 
3078 3 3 3 3 2 2 2 
3079 3 2 2 2 2 2 2 
3080 4 4 3 3 3 3 3 
3081 3 3 3 3 2 2 2 
3082 3 3 3 3 2 2 2 
3083 3 2 2 2 2 2 2 
3084 3 3 3 3 3 3 3 
3085 3 3 3 3 2 2 2 
3086 3 3 3 3 2 2 2 
3087 3 2 2 2 2 2 2 
3088 4 4 4 4 4 4 4 
3089 4 4 4 4 3 3 3 
3090 4 4 4 4 3 3 3 
3091 3 3 3 3 3 3 3 
3092 3 3 3 3 3 3 3 
3093 3 3 3 3 2 2 2 
3094 3 3 3 3 2 2 2 
3095 3 2 2 2 2 2 2 
3096 3 3 3 3 3 3 3 
3097 3 3 3 3 2 2 2 
3098 3 3 3 3 2 2 2 
3099 3 2 2 2 2 2 2 
3100 3 3 3 3 3 3 3 
3101 3 3 3 3 2 2 2 
3102 3 3 3 3 2 2 2 
3103 3 2 2 2 2 2 2 
3104 4 4 4 4 4 4 4 
3105 4 4 4 4 3 3 3 
3106 4 4 4 4 3 3 3 
3107 3 3 3 3 3 3 3 
3108 4 4 3 3 3 3 3 
3109 3 3 3 3 2 2 2 
3110 3 3 3 3 2 2 2 
3111 3 2 2 2 2 2 2 
3112 4 4 3 3 3 3 3 
3113 3 3 3 3 2 2 2 
3114 3 3 3 3 2 2 2 
3115 3 2 2 2 2 2 2 
3116 3 3 3 3 3 3 3 
3117 3 3 3 3 2 2 2 
3118 3 3 3 3 2 2 2 
3119 3 2 2 2 2 2 2 
3120 4 4 4 4 4 4 4 
3121 4 4 4 4 3 3 3 
3122 4 4 4 4 3 3 3 
3123 3 3 3 3 3 3 3 
3124 3 3 3 3 3 3 3 
3125 3 3 3 3 2 2 2 
3126 3 3 3 3 2 2 2 
3127 3 2 2 2 2 2 2 
3128 3 3 3 3 3 3 3 
3129 3 3 3 3 2 2 2 
3130 3 3 3 3 2 2 2 
3131 3 2 2 2 2 2 2 
3132 3 3 3 3 3 3 3 
3133 3 3 3 3 2 2 2 
3134 3 3 3 3 2 2 2 
3135 3 2 2 2 2 2 2 
3136 4 4 4 4 4 4 4 
3137 4 3 3 3 3 3 3 
3138 4 3 3 3 3 3 3 
3139 3 2 2 2 3 3 3 
3140 4 3 3 3 3 3 3 
3141 3 2 2 2 2 2 2 
3142 3 2 2 2 2 2 2 
3143 3 1 1 1 2 2 2 
3144 4 3 3 3 3 3 3 
3145 3 2 2 2 2 2 2 
3146 3 2 2 2 2 2 2 
3147 3 1 1 1 2 2 2 
3148 3 2 3 3 3 3 3 
3149 3 2 2 2 2 2 2 
3150 3 2 2 2 2 2 2 
3151 3 1 1 1 2 2 2 
3152 4 3 3 3 4 4 4 
3153 4 3 3 3 3 3 3 
3154 4 3 3 3 3 3 3 
3155 3 2 2 2 3 3 3 
3156 3 2 2 2 3 3 3 
3157 3 2 2 2 2 2 2 
3158 3 2 2 2 2 2 2 
3159 3 1 1 1 2 2 2 
3160 3 2 2 2 3 3 3 
3161 3 2 2 2 2 2 2 
3162 3 2 2 2 2 2 2 
3163 3 1 1 1 2 2 2 
3164 3 2 2 2 3 3 3 
3165 3 2 2 2 2 2 2 
3166 3 2 2 2 2 2 2 
3167 3 1 1 1 2 2 2 
3168 4 3 4 4 4 4 4 
3169 4 3 3 3 3 3 3 
3170 4 3 3 3 3 3 3 
3171 3 2 2 2 3 3 3 
3172 4 3 3 3 3 3 3 
3173 3 2 2 2 2 2 2 
3174 3 2 2 2 2 2 2 
3175 3 1 1 1 2 2 2 
3176 4 3 3 3 3 3 3 
3177 3 2 2 2 2 2 2 
3178 3 2 2 2 2 2 2 
3179 3 1 1 1 2 2 2 
3180 3 2 3 3 3 3 3 
3181 3 2 2 2 2 2 2 
3182 3 2 2 2 2 2 2 
3183 3 1 1 1 2 2 2 
3184 4 3 3 3 4 4 4 
3185 4 3 3 3 3 3 3 
3186 4 3 3 3 3 3 3 
3187 3 2 2 2 3 3 3 
3188 3 2 2 2 3 3 3 
3189 3 2 2 2 2 2 2 
3190 3 2 2 2 2 2 2 
3191 3 1 1 1 2 2 2 
3192 3 2 2 2 3 3 3 
3193 3 2 2 2 2 2 2 
3194 3 2 2 2 2 2 2 
3195 3 1 1 1 2 2 2 
3196 3 2 2 2 3 3 3 
3197 3 2 2 2 2 2 2 
3198 3 2 2 2 2 2 2 
3199 3 1 1 1 2 2 2 
3200 4 4 4 4 4 4 4 
3201 4 3 3 3 3 3 3 
3202 4 3 3 3 3 3 3 
3203 3 2 2 2 3 3 3 
3204 4 3 3 3 3 3 3 
3205 3 2 2 2 2 2 2 
3206 3 2 2 2 2 2 2 
3207 3 1 1 1 2 2 2 
3208 4 3 3 3 3 3 3 
3209 3 2 2 2 2 2 2 
3210 3 2 2 2 2 2 2 
3211 3 1 1 1 2 2 2 
3212 3 2 3 3 3 3 3 
3213 3 2 2 2 2 2 2 
3214 3 2 2 2 2 2 2 
3215 3 1 1 1 2 2 2 
3216 4 3 3 3 4 4 4 
3217 4 3 3 3 3 3 3 
3218 4 3 3 3 3 3 3 
3219 3 2 2 2 3 3 3 
3220 3 2 2 2 3 3 3 
3221 3 2 2 2 2 2 2 
3222 3 2 2 2 2 2 2 
3223 3 1 1 1 2 2 2 
3224 3 2 2 2 3 3 3 
3225 3 2 2 2 2 2 2 
3226 3 2 2 2 2 2 2 
3227 3 1 1 1 2 2 2 
3228 3 2 2 2 3 3 3 
3229 3 2 2 2 2 2 2 
3230 3 2 2 2 2 2 2 
3231 3 1 1 1 2 2 2 
3232 4 3 4 4 4 4 4 
3233 4 3 3 3 3 3 3 
3234 4 3 3 3 3 3 3 
3235 3 2 2 2 3 3 3 
3236 4 3 3 3 3 3 3 
3237 3 2 2 2 2 2 2 
3238 3 2 2 2 2 2 2 
3239 3 1 1 1 2 2 2 
3240 4 3 3 3 3 3 3 
3241 3 2 2 2 2 2 2 
3242 3 2 2 2 2 2 2 
3243 3 1 1 1 2 2 2 
3244 3 2 3 3 3 3 3 
3245 3 2 2 2 2 2 2 
3246 3 2 2 2 2 2 2 
3247 3 1 1 1 2 2 2 
3248 4 3 3 3 4 4 4 
3249 4 3 3 3 3 3 3 
3250 4 3 3 3 3 3 3 
3251 3 2 2 2 3 3 3 
3252 3 2 2 2 3 3 3 
3253 3 2 2 2 2 2 2 
3254 3 2 2 2 2 2 2 
3255 3 1 1 1 2 2 2 
3256 3 2 2 2 3 3 3 
3257 3 2 2 2 2 2 2 
3258 3 2 2 2 2 2 2 
3259 3 1 1 1 2 2 2 
3260 3 2 2 2 3 3 3 
3261 3 2 2 2 2 2 2 
3262 3 2 2 2 2 2 2 
3263 3 1 1 1 2 2 2 
3264 3 3 3 3 3 3 3 
3265 3 3 3 3 2 2 2 
3266 3 3 3 3 2 2 2 
3267 2 2 2 2 2 2 2 
3268 3 3 2 2 2 2 2 
3269 2 2 2 2 1 1 1 
3270 2 2 2 2 1 1 1 
3271 2 1 1 1 1 1 1 
3272 3 3 2 2 2 2 2 
3273 2 2 2 2 1 1 1 
3274 2 2 2 2 1 1 1 
3275 2 1 1 1 1 1 1 
3276 2 2 2 2 2 2 2 
3277 2 2 2 2 1 1 1 
3278 2 2 2 2 1 1 1 
3279 2 1 1 1 1 1 1 
3280 3 3 3 3 3 3 3 
3281 3 3 3 3 2 2 2 
3282 3 3 3 3 2 2 2 
3283 2 2 2 2 2 2 2 
3284 2 2 2 2 2 2 2 
3285 2 2 2 2 1 1 1 
3286 2 2 2 2 1 1 1 
3287 2 1 1 1 1 1 1 
3288 2 2 2 2 2 2 2 
3289 2 2 2 2 1 1 1 
3290 2 2 2 2 1 1 1 
3291 2 1 1 1 1 1 1 
3292 2 2 2 2 2 2 2 
3293 2 2 2 2 1 1 1 
3294 2 2 2 2 1 1 1 
3295 2 1 1 1 1 1 1 
3296 3 3 3 3 3 3 3 
3297 3 3 3 3 2 2 2 
3298 3 3 3 3 2 2 2 
3299 2 2 2 2 2 2 2 
3300 3 3 2 2 2 2 2 
3301 2 2 2 2 1 1 1 
3302 2 2 2 2 1 1 1 
3303 2 1 1 1 1 1 1 
3304 3 3 2 2 2 2 2 
3305 2 2 2 2 1 1 1 
3306 2 2 2 2 1 1 1 
3307 2 1 1 1 1 1 1 
3308 2 2 2 2 2 2 2 
3309 2 2 2 2 1 1 1 
3310 2 2 2 2 1 1 1 
3311 2 1 1 1 1 1 1 
3312 3 3 3 3 3 3 3 
3313 3 3 3 3 2 2 2 
3314 3 3 3 3 2 2 2 
3315 2 2 2 2 2 2 2 
3316 2 2 2 2 2 2 2 
3317 2 2 2 2 1 1 1 
3318 2 2 2 2 1 1 1 
3319 2 1 1 1 1 1 1 
3320 2 2 2 2 2 2 2 
3321 2 2 2 2 1 1 1 
3322 2 2 2 2 1 1 1 
3323 2 1 1 1 1 1 1 
3324 2 2 2 2 2 2 2 
3325 2 2 2 2 1 1 1 
3326 2 2 2 2 1 1 1 
3327 2 1 1 1 1 1 1 
3328 3 3 3 3 3 3 3 
3329 3 3 3 3 2 2 2 
3330 3 3 3 3 2 2 2 
3331 2 2 2 2 2 2 2 
3332 3 3 2 2 2 2 2 
3333 2 2 2 2 1 1 1 
3334 2 2 2 2 1 1 1 
3335 2 1 1 1 1 1 1 
3336 3 3 2 2 2 2 2 
3337 2 2 2 2 1 1 1 
3338 2 2 2 2 1 1 1 
3339 2 1 1 1 1 1 1 
3340 2 2 2 2 2 2 2 
3341 2 2 2 2 1 1 1 
3342 2 2 2 2 1 1 1 
3343 2 1 1 1 1 1 1 
3344 3 3 3 3 3 3 3 
3345 3 3 3 3 2 2 2 
3346 3 3 3 3 2 2 2 
3347 2 2 2 2 2 2 2 
3348 2 2 2 2 2 2 2 
3349 2 2 2 2 1 1 1 
3350 2 2 2 2 1 1 1 
3351 2 1 1 1 1 1 1 
3352 2 2 2 2 2 2 2 
3353 2 2 2 2 1 1 1 
3354 2 2 2 2 1 1 1 
3355 2 1 1 1 1 1 1 
3356 2 2 2 2 2 2 2 
3357 2 2 2 2 1 1 1 
3358 2 2 2 2 1 1 1 
3359 2 1 1 1 1 1 1 
3360 3 3 3 3 3 3 3 
3361 3 3 3 3 2 2 2 
3362 3 3 3 3 2 2 2 
3363 2 2 2 2 2 2 2 
3364 3 3 2 2 2 2 2 
3365 2 2 2 2 1 1 1 
3366 2 2 2 2 1 1 1 
3367 2 1 1 1 1 1 1 
3368 3 3 2 2 2 2 2 
3369 2 2 2 2 1 1 1 
3370 2 2 2 2 1 1 1 
3371 2 1 1 1 1 1 1 
3372 2 2 2 2 2 2 2 
3373 2 2 2 2 1 1 1 
3374 2 2 2 2 1 1 1 
3375 2 1 1 1 1 1 1 
3376 3 3 3 3 3 3 3 
3377 3 3 3 3 2 2 2 
3378 3 3 3 3 2 2 2 
3379 2 2 2 2 2 2 2 
3380 2 2 2 2 2 2 2 
3381 2 2 2 2 1 1 1 
3382 2 2 2 2 1 1 1 
3383 2 1 1 1 1 1 1 
3384 2 2 2 2 2 2 2 
3385 2 2 2 2 1 1 1 
3386 2 2 2 2 1 1 1 
3387 2 1 1 1 1 1 1 
3388 2 2 2 2 2 2 2 
3389 2 2 2 2 1 1 1 
3390 2 2 2 2 1 1 1 
3391 2 1 1 1 1 1 1 
3392 3 3 3 3 3 3 3 
3393 3 2 2 2 2 2 2 
3394 3 2 2 2 2 2 2 
3395 2 1 1 1 2 2 2 
3396 3 2 2 2 2 2 2 
3397 2 1 1 1 1 1 1 
3398 2 1 1 1 1 1 1 
3399 2 1 1 1 1 1 1 
3400 3 2 2 2 2 2 2 
3401 2 1 1 1 1 1 1 
3402 2 1 1 1 1 1 1 
3403 2 1 1 1 1 1 1 
3404 2 1 2 2 2 2 2 
3405 2 1 1 1 1 1 1 
3406 2 1 1 1 1 1 1 
3407 2 1 1 1 1 1 1 
3408 3 2 2 2 3 3 3 
3409 3 2 2 2 2 2 2 
3410 3 2 2 2 2 2 2 
3411 2 1 1 1 2 2 2 
3412 2 1 1 1 2 2 2 
3413 2 1 1 1 1 1 1 
3414 2 1 1 1 1 1 1 
3415 2 1 1 1 1 1 1 
3416 2 1 1 1 2 2 2 
3417 2 1 1 1 1 1 1 
3418 2 1 1 1 1 1 1 
3419 2 1 1 1 1 1 1 
3420 2 1 1 1 2 2 2 
3421 2 1 1 1 1 1 1 
3422 2 1 1 1 1 1 1 
3423 2 1 1 1 1 1 1 
3424 3 2 3 3 3 3 3 
3425 3 2 2 2 2 2 2 
3426 3 2 2 2 2 2 2 
3427 2 1 1 1 2 2 2 
3428 3 2 2 2 2 2 2 
3429 2 1 1 1 1 1 1 
3430 2 1 1 1 1 1 1 
3431 2 1 1 1 1 1 1 
3432 3 2 2 2 2 2 2 
3433 2 1 1 1 1 1 1 
3434 2 1 1 1 1 1 1 
3435 2 1 1 1 1 1 1 
3436 2 1 2 2 2 2 2 
3437 2 1 1 1 1 1 1 
3438 2 1 1 1 1 1 1 
3439 2 1 1 1 1 1 1 
3440 3 2 2 2 3 3 3 
3441 3 2 2 2 2 2 2 
3442 3 2 2 2 2 2 2 
3443 2 1 1 1 2 2 2 
3444 2 1 1 1 2 2 2 
3445 2 1 1 1 1 1 1 
3446 2 1 1 1 1 1 1 
3447 2 1 1 1 1 1 1 
3448 2 1 1 1 2 2 2 
3449 2 1 1 1 1 1 1 
3450 2 1 1 1 1 1 1 
3451 2 1 1 1 1 1 1 
3452 2 1 1 1 2 2 2 
3453 2 1 1 1 1 1 1 
3454 2 1 1 1 1 1 1 
3455 2 1 1 1 1 1 1 
3456 3 3 3 3 3 3 3 
3457 3 2 2 2 2 2 2 
3458 3 2 2 2 2 2 2 
3459 2 1 1 1 2 2 2 
3460 3 2 2 2 2 2 2 
3461 2 1 1 1 1 1 1 
3462 2 1 1 1 1 1 1 
3463 2 1 1 1 1 1 1 
3464 3 2 2 2 2 2 2 
3465 2 1 1 1 1 1 1 
3466 2 1 1 1 1 1 1 
3467 2 1 1 1 1 1 1 
3468 2 1 2 2 2 2 2 
3469 2 1 1 1 1 1 1 
3470 2 1 1 1 1 1 1 
3471 2 1 1 1 1 1 1 
3472 3 2 2 2 3 3 3 
3473 3 2 2 2 2 2 2 
3474 3 2 2 2 2 2 2 
3475 2 1 1 1 2 2 2 
3476 2 1 1 1 2 2 2 
3477 2 1 1 1 1 1 1 
3478 2 1 1 1 1 1 1 
3479 2 1 1 1 1 1 1 
3480 2 1 1 1 2 2 2 
3481 2 1 1 1 1 1 1 
3482 2 1 1 1 1 1 1 
3483 2 1 1 1 1 1 1 
3484 2 1 1 1 2 2 2 
3485 2 1 1 1 1 1 1 
3486 2 1 1 1 1 1 1 
3487 2 1 1 1 1 1 1 
3488 3 2 3 3 3 3 3 
3489 3 2 2 2 2 2 2 
3490 3 2 2 2 2 2 2 
3491 2 1 1 1 2 2 2 
3492 3 2 2 2 2 2 2 
3493 2 1 1 1 1 1 1 
3494 2 1 1 1 1 1 1 
3495 2 1 1 1 1 1 1 
3496 3 2 2 2 2 2 2 
3497 2 1 1 1 1 1 1 
3498 2 1 1 1 1 1 1 
3499 2 1 1 1 1 1 1 
3500 2 1 2 2 2 2 2 
3501 2 1 1 1 1 1 1 
3502 2 1 1 1 1 1 1 
3503 2 1 1 1 1 1 1 
3504 3 2 2 2 3 3 3 
3505 3 2 2 2 2 2 2 
3506 3 2 2 2 2 2 2 
3507 2 1 1 1 2 2 2 
3508 2 1 1 1 2 2 2 
3509 2 1 1 1 1 1 1 
3510 2 1 1 1 1 1 1 
3511 2 1 1 1 1 1 1 
3512 2 1 1 1 2 2 2 
3513 2 1 1 1 1 1 1 
3514 2 1 1 1 1 1 1 
3515 2 1 1 1 1 1 1 
3516 2 1 1 1 2 2 2 
3517 2 1 1 1 1 1 1 
3518 2 1 1 1 1 1 1 
3519 2 1 1 1 1 1 1 
3520 3 2 2 2 2 2 2 
3521 3 2 2 2 1 1 1 
3522 3 2 2 2 1 1 1 
3523 2 1 1 1 1 1 1 
3524 3 2 1 1 1 1 1 
3525 2 1 1 1 1 1 1 
3526 2 1 1 1 1 1 1 
3527 2 1 1 1 1 1 1 
3528 3 2 1 1 1 1 1 
3529 2 1 1 1 1 1 1 
3530 2 1 1 1 1 1 1 
3531 2 1 1 1 1 1 1 
3532 2 1 1 1 1 1 1 
3533 2 1 1 1 1 1 1 
3534 2 1 1 1 1 1 1 
3535 2 1 1 1 1 1 1 
3536 3 2 2 2 2 2 2 
3537 3 2 2 2 1 1 1 
3538 3 2 2 2 1 1 1 
3539 2 1 1 1 1 1 1 
3540 2 1 1 1 1 1 1 
3541 2 1 1 1 1 1 1 
3542 2 1 1 1 1 1 1 
3543 2 1 1 1 1 1 1 
3544 2 1 1 1 1 1 1 
3545 2 1 1 1 1 1 1 
3546 2 1 1 1 1 1 1 
3547 2 1 1 1 1 1 1 
3548 2 1 1 1 1 1 1 
3549 2 1 1 1 1 1 1 
3550 2 1 1 1 1 1 1 
3551 2 1 1 1 1 1 1 
3552 3 2 2 2 2 2 2 
3553 3 2 2 2 1 1 1 
3554 3 2 2 2 1 1 1 
3555 2 1 1 1 1 1 1 
3556 3 2 1 1 1 1 1 
3557 2 1 1 1 1 1 1 
3558 2 1 1 1 1 1 1 
3559 2 1 1 1 1 1 1 
3560 3 2 1 1 1 1 1 
3561 2 1 1 1 1 1 1 
3562 2 1 1 1 1 1 1 
3563 2 1 1 1 1 1 1 
3564 2 1 1 1 1 1 1 
3565 2 1 1 1 1 1 1 
3566 2 1 1 1 1 1 1 
3567 2 1 1 1 1 1 1 
3568 3 2 2 2 2 2 2 
3569 3 2 2 2 1 1 1 
3570 3 2 2 2 1 1 1 
3571 2 1 1 1 1 1 1 
3572 2 1 1 1 1 1 1 
3573 2 1 1 1 1 1 1 
3574 2 1 1 1 1 1 1 
3575 2 1 1 1 1 1 1 
3576 2 1 1 1 1 1 1 
3577 2 1 1 1 1 1 1 
3578 2 1 1 1 1 1 1 
3579 2 1 1 1 1 1 1 
3580 2 1 1 1 1 1 1 
3581 2 1 1 1 1 1 1 
3582 2 1 1 1 1 1 1 
3583 2 1 1 1 1 1 1 
3584 3 3 3 3 3 3 3 
3585 3 3 3 3 2 2 2 
3586 3 3 3 3 2 2 2 
3587 2 2 2 2 2 2 2 
3588 3 3 2 2 2 2 2 
3589 2 2 2 2 1 1 1 
3590 2 2 2 2 1 1 1 
3591 2 1 1 1 1 1 1 
3592 3 3 2 2 2 2 2 
3593 2 2 2 2 1 1 1 
3594 2 2 2 2 1 1 1 
3595 2 1 1 1 1 1 1 
3596 2 2 2 2 2 2 2 
3597 2 2 2 2 1 1 1 
3598 2 2 2 2 1 1 1 
3599 2 1 1 1 1 1 1 
3600 3 3 3 3 3 3 3 
3601 3 3 3 3 2 2 2 
3602 3 3 3 3 2 2 2 
3603 2 2 2 2 2 2 2 
3604 2 2 2 2 2 2 2 
3605 2 2 2 2 1 1 1 
3606 2 2 2 2 1 1 1 
3607 2 1 1 1 1 1 1 
3608 2 2 2 2 2 2 2 
3609 2 2 2 2 1 1 1 
3610 2 2 2 2 1 1 1 
3611 2 1 1 1 1 1 1 
3612 2 2 2 2 2 2 2 
3613 2 2 2 2 1 1 1 
3614 2 2 2 2 1 1 1 
3615 2 1 1 1 1 1 1 
3616 3 3 3 3 3 3 3 
3617 3 3 3 3 2 2 2 
3618 3 3 3 3 2 2 2 
3619 2 2 2 2 2 2 2 
3620 3 3 2 2 2 2 2 
3621 2 2 2 2 1 1 1 
3622 2 2 2 2 1 1 1 
3623 2 1 1 1 1 1 1 
3624 3 3 2 2 2 2 2 
3625 2 2 2 2 1 1 1 
3626 2 2 2 2 1 1 1 
3627 2 1 1 1 1 1 1 
3628 2 2 2 2 2 2 2 
3629 2 2 2 2 1 1 1 
3630 2 2 2 2 1 1 1 
3631 2 1 1 1 1 1 1 
3632 3 3 3 3 3 3 3 
3633 3 3 3 3 2 2 2 
3634 3 3 3 3 2 2 2 
3635 2 2 2 2 2 2 2 
3636 2 2 2 2 2 2 2 
3637 2 2 2 2 1 1 1 
3638 2 2 2 2 1 1 1 
3639 2 1 1 1 1 1 1 
3640 2 2 2 2 2 2 2 
3641 2 2 2 2 1 1 1 
3642 2 2 2 2 1 1 1 
3643 2 1 1 1 1 1 1 
3644 2 2 2 2 2 2 2 
3645 2 2 2 2 1 1 1 
3646 2 2 2 2 1 1 1 
3647 2 1 1 1 1 1 1 
3648 3 3 3 3 3 3 3 
3649 3 2 2 2 2 2 2 
3650 3 2 2 2 2 2 2 
3651 2 1 1 1 2 2 2 
3652 3 2 2 2 2 2 2 
3653 2 1 1 1 1 1 1 
3654 2 1 1 1 1 1 1 
3655 2 1 1 1 1 1 1 
3656 3 2 2 2 2 2 2 
3657 2 1 1 1 1 1 1 
3658 2 1 1 1 1 1 1 
3659 2 1 1 1 1 1 1 
3660 2 1 2 2 2 2 2 
3661 2 1 1 1 1 1 1 
3662 2 1 1 1 1 1 1 
3663 2 1 1 1 1 1 1 
3664 3 2 2 2 3 3 3 
3665 3 2 2 2 2 2 2 
3666 3 2 2 2 2 2 2 
3667 2 1 1 1 2 2 2 
3668 2 1 1 1 2 2 2 
3669 2 1 1 1 1 1 1 
3670 2 1 1 1 1 1 1 
3671 2 1 1 1 1 1 1 
3672 2 1 1 1 2 2 2 
3673 2 1 1 1 1 1 1 
3674 2 1 1 1 1 1 1 
3675 2 1 1 1 1 1 1 
3676 2 1 1 1 2 2 2 
3677 2 1 1 1 1 1 1 
3678 2 1 1 1 1 1 1 
3679 2 1 1 1 1 1 1 
3680 3 2 3 3 3 3 3 
3681 3 2 2 2 2 2 2 
3682 3 2 2 2 2 2 2 
3683 2 1 1 1 2 2 2 
3684 3 2 2 2 2 2 2 
3685 2 1 1 1 1 1 1 
3686 2 1 1 1 1 1 1 
3687 2 1 1 1 1 1 1 
3688 3 2 2 2 2 2 2 
3689 2 1 1 1 1 1 1 
3690 2 1 1 1 1 1 1 
3691 2 1 1 1 1 1 1 
3692 2 1 2 2 2 2 2 
3693 2 1 1 1 1 1 1 
3694 2 1 1 1 1 1 1 
3695 2 1 1 1 1 1 1 
3696 3 2 2 2 3 3 3 
3697 3 2 2 2 2 2 2 
3698 3 2 2 2 2 2 2 
3699 2 1 1 1 2 2 2 
3700 2 1 1 1 2 2 2 
3701 2 1 1 1 1 1 1 
3702 2 1 1 1 1 1 1 
3703 2 1 1 1 1 1 1 
3704 2 1 1 1 2 2 2 
3705 2 1 1 1 1 1 1 
3706 2 1 1 1 1 1 1 
3707 2 1 1 1 1 1 1 
3708 2 1 1 1 2 2 2 
3709 2 1 1 1 1 1 1 
3710 2 1 1 1 1 1 1 
3711 2 1 1 1 1 1 1 
3712 3 3 3 3 3 3 3 
3713 3 2 2 2 2 2 2 
3714 3 2 2 2 2 2 2 
3715 2 1 1 1 2 2 2 
3716 3 2 2 2 2 2 2 
3717 2 1 1 1 1 1 1 
3718 2 1 1 1 1 1 1 
3719 2 1 1 1 1 1 1 
3720 3 2 2 2 2 2 2 
3721 2 1 1 1 1 1 1 
3722 2 1 1 1 1 1 1 
3723 2 1 1 1 1 1 1 
3724 2 1 2 2 2 2 2 
3725 2 1 1 1 1 1 1 
3726 2 1 1 1 1 1 1 
3727 2 1 1 1 1 1 1 
3728 3 2 2 2 3 3 3 
3729 3 2 2 2 2 2 2 
3730 3 2 2 2 2 2 2 
3731 2 1 1 1 2 2 2 
3732 2 1 1 1 2 2 2 
3733 2 1 1 1 1 1 1 
3734 2 1 1 1 1 1 1 
3735 2 1 1 1 1 1 1 
3736 2 1 1 1 2 2 2 
3737 2 1 1 1 1 1 1 
3738 2 1 1 1 1 1 1 
3739 2 1 1 1 1 1 1 
3740 2 1 1 1 2 2 2 
3741 2 1 1 1 1 1 1 
3742 2 1 1 1 1 1 1 
3743 2 1 1 1 1 1 1 
3744 3 2 3 3 3 3 3 
3745 3 2 2 2 2 2 2 
3746 3 2 2 2 2 2 2 
3747 2 1 1 1 2 2 2 
3748 3 2 2 2 2 2 2 
3749 2 1 1 1 1 1 1 
3750 2 1 1 1 1 1 1 
3751 2 1 1 1 1 1 1 
3752 3 2 2 2 2 2 2 
3753 2 1 1 1 1 1 1 
3754 2 1 1 1 1 1 1 
3755 2 1 1 1 1 1 1 
3756 2 1 2 2 2 2 2 
3757 2 1 1 1 1 1 1 
3758 2 1 1 1 1 1 1 
3759 2 1 1 1 1 1 1 
3760 3 2 2 2 3 3 3 
3761 3 2 2 2 2 2 2 
3762 3 2 2 2 2 2 2 
3763 2 1 1 1 2 2 2 
3764 2 1 1 1 2 2 2 
3765 2 1 1 1 1 1 1 
3766 2 1 1 1 1 1 1 
3767 2 1 1 1 1 1 1 
3768 2 1 1 1 2 2 2 
3769 2 1 1 1 1 1 1 
3770 2 1 1 1 1 1 1 
3771 2 1 1 1 1 1 1 
3772 2 1 1 1 2 2 2 
3773 2 1 1 1 1 1 1 
3774 2 1 1 1 1 1 1 
3775 2 1 1 1 1 1 1 
3776 3 2 2 2 2 2 2 
3777 3 2 2 2 1 1 1 
3778 3 2 2 2 1 1 1 
3779 2 1 1 1 1 1 1 
3780 3 2 1 1 1 1 1 
3781 2 1 1 1 1 1 1 
3782 2 1 1 1 1 1 1 
3783 2 1 1 1 1 1 1 
3784 3 2 1 1 1 1 1 
3785 2 1 1 1 1 1 1 
3786 2 1 1 1 1 1 1 
3787 2 1 1 1 1 1 1 
3788 2 1 1 1 1 1 1 
3789 2 1 1 1 1 1 1 
3790 2 1 1 1 1 1 1 
3791 2 1 1 1 1 1 1 
3792 3 2 2 2 2 2 2 
3793 3 2 2 2 1 1 1 
3794 3 2 2 2 1 1 1 
3795 2 1 1 1 1 1 1 
3796 2 1 1 1 1 1 1 
3797 2 1 1 1 1 1 1 
3798 2 1 1 1 1 1 1 
3799 2 1 1 1 1 1 1 
3800 2 1 1 1 1 1 1 
3801 2 1 1 1 1 1 1 
3802 2 1 1 1 1 1 1 
3803 2 1 1 1 1 1 1 
3804 2 1 1 1 1 1 1 
3805 2 1 1 1 1 1 1 
3806 2 1 1 1 1 1 1 
3807 2 1 1 1 1 1 1 
3808 3 2 2 2 2 2 2 
3809 3 2 2 2 1 1 1 
3810 3 2 2 2 1 1 1 
3811 2 1 1 1 1 1 1 
3812 3 2 1 1 1 1 1 
3813 2 1 1 1 1 1 1 
3814 2 1 1 1 1 1 1 
3815 2 1 1 1 1 1 1 
3816 3 2 1 1 1 1 1 
3817 2 1 1 1 1 1 1 
3818 2 1 1 1 1 1 1 
3819 2 1 1 1 1 1 1 
3820 2 1 1 1 1 1 1 
3821 2 1 1 1 1 1 1 
3822 2 1 1 1 1 1 1 
3823 2 1 1 1 1 1 1 
3824 3 2 2 2 2 2 2 
3825 3 2 2 2 1 1 1 
3826 3 2 2 2 1 1 1 
3827 2 1 1 1 1 1 1 
3828 2 1 1 1 1 1 1 
3829 2 1 1 1 1 1 1 
3830 2 1 1 1 1 1 1 
3831 2 1 1 1 1 1 1 
3832 2 1 1 1 1 1 1 
3833 2 1 1 1 1 1 1 
3834 2 1 1 1 1 1 1 
3835 2 1 1 1 1 1 1 
3836 2 1 1 1 1 1 1 
3837 2 1 1 1 1 1 1 
3838 2 1 1 1 1 1 1 
3839 2 1 1 1 1 1 1 
3840 3 3 3 3 3 3 3 
3841 3 3 3 3 2 2 2 
3842 3 3 3 3 2 2 2 
3843 2 2 2 2 2 2 2 
3844 3 3 2 2 2 2 2 
3845 2 2 2 2 1 1 1 
3846 2 2 2 2 1 1 1 
3847 2 1 1 1 1 1 1 
3848 3 3 2 2 2 2 2 
3849 2 2 2 2 1 1 1 
3850 2 2 2 2 1 1 1 
3851 2 1 1 1 1 1 1 
3852 2 2 2 2 2 2 2 
3853 2 2 2 2 1 1 1 
3854 2 2 2 2 1 1 1 
3855 2 1 1 1 1 1 1 
3856 3 3 3 3 3 3 3 
3857 3 3 3 3 2 2 2 
3858 3 3 3 3 2 2 2 
3859 2 2 2 2 2 2 2 
3860 2 2 2 2 2 2 2 
3861 2 2 2 2 1 1 1 
3862 2 2 2 2 1 1 1 
3863 2 1 1 1 1 1 1 
3864 2 2 2 2 2 2 2 
3865 2 2 2 2 1 1 1 
3866 2 2 2 2 1 1 1 
3867 2 1 1 1 1 1 1 
3868 2 2 2 2 2 2 2 
3869 2 2 2 2 1 1 1 
3870 2 2 2 2 1 1 1 
3871 2 1 1 1 1 1 1 
3872 3 3 3 3 3 3 3 
3873 3 3 3 3 2 2 2 
3874 3 3 3 3 2 2 2 
3875 2 2 2 2 2 2 2 
3876 3 3 2 2 2 2 2 
3877 2 2 2 2 1 1 1 
3878 2 2 2 2 1 1 1 
3879 2 1 1 1 1 1 1 
3880 3 3 2 2 2 2 2 
3881 2 2 2 2 1 1 1 
3882 2 2 2 2 1 1 1 
3883 2 1 1 1 1 1 1 
3884 2 2 2 2 2 2 2 
3885 2 2 2 2 1 1 1 
3886 2 2 2 2 1 1 1 
3887 2 1 1 1 1 1 1 
3888 3 3 3 3 3 3 3 
3889 3 3 3 3 2 2 2 
3890 3 3 3 3 2 2 2 
3891 2 2 2 2 2 2 2 
3892 2 2 2 2 2 2 2 
3893 2 2 2 2 1 1 1 
3894 2 2 2 2 1 1 1 
3895 2 1 1 1 1 1 1 
3896 2 2 2 2 2 2 2 
3897 2 2 2 2 1 1 1 
3898 2 2 2 2 1 1 1 
3899 2 1 1 1 1 1 1 
3900 2 2 2 2 2 2 2 
3901 2 2 2 2 1 1 1 
3902 2 2 2 2 1 1 1 
3903 2 1 1 1 1 1 1 
3904 3 3 3 3 3 3 3 
3905 3 2 2 2 2 2 2 
3906 3 2 2 2 2 2 2 
3907 2 1 1 1 2 2 2 
3908 3 2 2 2 2 2 2 
3909 2 1 1 1 1 1 1 
3910 2 1 1 1 1 1 1 
3911 2 1 1 1 1 1 1 
3912 3 2 2 2 2 2 2 
3913 2 1 1 1 1 1 1 
3914 2 1 1 1 1 1 1 
3915 2 1 1 1 1 1 1 
3916 2 1 2 2 2 2 2 
3917 2 1 1 1 1 1 1 
3918 2 1 1 1 1 1 1 
3919 2 1 1 1 1 1 1 
3920 3 2 2 2 3 3 3 
3921 3 2 2 2 2 2 2 
3922 3 2 2 2 2 2 2 
3923 2 1 1 1 2 2 2 
3924 2 1 1 1 2 2 2 
3925 2 1 1 1 1 1 1 
3926 2 1 1 1 1 1 1 
3927 2 1 1 1 1 1 1 
3928 2 1 1 1 2 2 2 
3929 2 1 1 1 1 1 1 
3930 2 1 1 1 1 1 1 
3931 2 1 1 1 1 1 1 
3932 2 1 1 1 2 2 2 
3933 2 1 1 1 1 1 1 
3934 2 1 1 1 1 1 1 
3935 2 1 1 1 1 1 1 
3936 3 2 3 3 3 3 3 
3937 3 2 2 2 2 2 2 
3938 3 2 2 2 2 2 2 
3939 2 1 1 1 2 2 2 
3940 3 2 2 2 2 2 2 
3941 2 1 1 1 1 1 1 
3942 2 1 1 1 1 1 1 
3943 2 1 1 1 1 1 1 
3944 3 2 2 2 2 2 2 
3945 2 1 1 1 1 1 1 
3946 2 1 1 1 1 1 1 
3947 2 1 1 1 1 1 1 
3948 2 1 2 2 2 2 2 
3949 2 1 1 1 1 1 1 
3950 2 1 1 1 1 1 1 
3951 2 1 1 1 1 1 1 
3952 3 2 2 2 3 3 3 
3953 3 2 2 2 2 2 2 
3954 3 2 2 2 2 2 2 
3955 2 1 1 1 2 2 2 
3956 2 1 1 1 2 2 2 
3957 2 1 1 1 1 1 1 
3958 2 1 1 1 1 1 1 
3959 2 1 1 1 1 1 1 
3960 2 1 1 1 2 2 2 
3961 2 1 1 1 1 1 1 
3962 2 1 1 1 1 1 1 
3963 2 1 1 1 1 1 1 
3964 2 1 1 1 2 2 2 
3965 2 1 1 1 1 1 1 
3966 2 1 1 1 1 1 1 
3967 2 1 1 1 1 1 1 
3968 3 3 3 3 3 3 3 
3969 3 2 2 2 2 2 2 
3970 3 2 2 2 2 2 2 
3971 2 1 1 1 2 2 2 
3972 3 2 2 2 2 2 2 
3973 2 1 1 1 1 1 1 
3974 2 1 1 1 1 1 1 
3975 2 1 1 1 1 1 1 
3976 3 2 2 2 2 2 2 
3977 2 1 1 1 1 1 1 
3978 2 1 1 1 1 1 1 
3979 2 1 1 1 1 1 1 
3980 2 1 2 2 2 2 2 
3981 2 1 1 1 1 1 1 
3982 2 1 1 1 1 1 1 
3983 2 1 1 1 1 1 1 
3984 3 2 2 2 3 3 3 
3985 3 2 2 2 2 2 2 
3986 3 2 2 2 2 2 2 
3987 2 1 1 1 2 2 2 
3988 2 1 1 1 2 2 2 
3989 2 1 1 1 1 1 1 
3990 2 1 1 1 1 1 1 
3991 2 1 1 1 1 1 1 
3992 2 1 1 1 2 2 2 
3993 2 1 1 1 1 1 1 
3994 2 1 1 1 1 1 1 
3995 2 1 1 1 1 1 1 
3996 2 1 1 1 2 2 2 
3997 2 1 1 1 1 1 1 
3998 2 1 1 1 1 1 1 
3999 2 1 1 1 1 1 1 
4000 3 2 3 3 3 3 3 
4001 3 2 2 2 2 2 2 
4002 3 2 2 2 2 2 2 
4003 2 1 1 1 2 2 2 
4004 3 2 2 2 2 2 2 
4005 2 1 1 1 1 1 1 
4006 2 1 1 1 1 1 1 
4007 2 1 1 1 1 1 1 
4008 3 2 2 2 2 2 2 
4009 2 1 1 1 1 1 1 
4010 2 1 1 1 1 1 1 
4011 2 1 1 1 1 1 1 
4012 2 1 2 2 2 2 2 
4013 2 1 1 1 1 1 1 
4014 2 1 1 1 1 1 1 
4015 2 1 1 1 1 1 1 
4016 3 2 2 2 3 3 3 
4017 3 2 2 2 2 2 2 
4018 3 2 2 2 2 2 2 
4019 2 1 1 1 2 2 2 
4020 2 1 1 1 2 2 2 
4021 2 1 1 1 1 1 1 
4022 2 1 1 1 1 1 1 
4023 2 1 1 1 1 1 1 
4024 2 1 1 1 2 2 2 
4025 2 1 1 1 1 1 1 
4026 2 1 1 1 1 1 1 
4027 2 1 1 1 1 1 1 
4028 2 1 1 1 2 2 2 
4029 2 1 1 1 1 1 1 
4030 2 1 1 1 1 1 1 
4031 2 1 1 1 1 1 1 
4032 3 2 2 2 2 2 2 
4033 3 2 2 2 1 1 1 
4034 3 2 2 2 1 1 1 
4035 2 1 1 1 1 1 1 
4036 3 2 1 1 1 1 1 
4037 2 1 1 1 1 1 1 
4038 2 1 1 1 1 1 1 
4039 2 1 1 1 1 1 1 
4040 3 2 1 1 1 1 1 
4041 2 1 1 1 1 1 1 
4042 2 1 1 1 1 1 1 
4043 2 1 1 1 1 1 1 
4044 2 1 1 1 1 1 1 
4045 2 1 1 1 1 1 1 
4046 2 1 1 1 1 1 1 
4047 2 1 1 1 1 1 1 
4048 3 2 2 2 2 2 2 
4049 3 2 2 2 1 1 1 
4050 3 2 2 2 1 1 1 
4051 2 1 1 1 1 1 1 
4052 2 1 1 1 1 1 1 
4053 2 1 1 1 1 1 1 
4054 2 1 1 1 1 1 1 
4055 2 1 1 1 1 1 1 
4056 2 1 1 1 1 1 1 
4057 2 1 1 1 1 1 1 
4058 2 1 1 1 1 1 1 
4059 2 1 1 1 1 1 1 
4060 2 1 1 1 1 1 1 
4061 2 1 1 1 1 1 1 
4062 2 1 1 1 1 1 1 
4063 2 1 1 1 1 1 1 
4064 3 2 2 2 2 2 2 
4065 3 2 2 2 1 1 1 
4066 3 2 2 2 1 1 1 
4067 2 1 1 1 1 1 1 
4068 3 2 1 1 1 1 1 
4069 2 1 1 1 1 1 1 
4070 2 1 1 1 1 1 1 
4071 2 1 1 1 1 1 1 
4072 3 2 1 1 1 1 1 
4073 2 1 1 1 1 1 1 
4074 2 1 1 1 1 1 1 
4075 2 1 1 1 1 1 1 
4076 2 1 1 1 1 1 1 
4077 2 1 1 1 1 1 1 
4078 2 1 1 1 1 1 1 
4079 2 1 1 1 1 1 1 
4080 3 2 2 2 2 2 2 
4081 3 2 2 2 1 1 1 
4082 3 2 2 2 1 1 1 
4083 2 1 1 1 1 1 1 
4084 2 1 1 1 1 1 1 
4085 2 1 1 1 1 1 1 
4086 2 1 1 1 1 1 1 
4087 2 1 1 1 1 1 1 
4088 2 1 1 1 1 1 1 
4089 2 1 1 1 1 1 1 
4090 2 1 1 1 1 1 1 
4091 2 1 1 1 1 1 1 
4092 2 1 1 1 1 1 1 
4093 2 1 1 1 1 1 1 
4094 2 1 1 1 1 1 1 
4095 2 1 1 1 1 1 1 
